1.000000e+00 2.710334e-06
1.250000e+00 7.169726e-07
1.500000e+00 2.454763e-07
1.750000e+00 1.076995e-07
2.000000e+00 4.884810e-08
2.250000e+00 2.317981e-08
2.500000e+00 1.241200e-08
2.750000e+00 6.832699e-09
3.000000e+00 3.623947e-09
3.250000e+00 1.936557e-09
3.500000e+00 1.107468e-09
3.750000e+00 7.011550e-10
4.000000e+00 4.553443e-10
4.250000e+00 2.811865e-10
4.500000e+00 1.750610e-10
4.750000e+00 1.095654e-10
5.000000e+00 7.011975e-11
5.250000e+00 4.361898e-11
5.500000e+00 3.036098e-11
5.750000e+00 1.931148e-11
6.000000e+00 1.356588e-11
6.250000e+00 8.512597e-12
6.500000e+00 5.374838e-12
6.750000e+00 3.286570e-12
7.000000e+00 2.005319e-12
7.250000e+00 1.124385e-12
7.500000e+00 7.041097e-13
7.750000e+00 3.922453e-13
