1.000000e+00 6.587019e-01
1.250000e+00 5.633941e-01
1.500000e+00 4.687471e-01
1.750000e+00 3.828349e-01
2.000000e+00 3.078086e-01
2.250000e+00 2.531331e-01
2.500000e+00 2.064349e-01
2.750000e+00 1.692752e-01
3.000000e+00 1.399390e-01
3.250000e+00 1.144332e-01
3.500000e+00 9.086245e-02
3.750000e+00 7.542292e-02
4.000000e+00 6.805657e-02
4.250000e+00 6.211684e-02
4.500000e+00 5.670730e-02
4.750000e+00 5.317471e-02
5.000000e+00 4.939797e-02
5.250000e+00 4.612583e-02
5.500000e+00 4.358146e-02
5.750000e+00 4.034397e-02
6.000000e+00 3.740013e-02
6.250000e+00 3.501599e-02
6.500000e+00 3.165881e-02
6.750000e+00 2.882144e-02
7.000000e+00 2.661382e-02
7.250000e+00 2.524340e-02
7.500000e+00 2.280721e-02
7.750000e+00 2.146820e-02
