1.000000e+00 1.572828e-02
1.250000e+00 1.392917e-03
1.500000e+00 1.562534e-04
1.750000e+00 1.439433e-05
2.000000e+00 1.913993e-06
2.250000e+00 3.193492e-07
2.500000e+00 3.665586e-08
2.750000e+00 1.347132e-09
3.000000e+00 1.439369e-11
3.250000e+00 5.821001e-16
3.500000e+00 7.557338e-29
3.750000e+00 7.557338e-29
4.000000e+00 7.557338e-29
4.250000e+00 7.557338e-29
4.500000e+00 7.557338e-29
4.750000e+00 7.557338e-29
5.000000e+00 7.557338e-29
5.250000e+00 7.557338e-29
5.500000e+00 7.557338e-29
5.750000e+00 7.557338e-29
6.000000e+00 7.557338e-29
6.250000e+00 7.557338e-29
6.500000e+00 7.557338e-29
6.750000e+00 7.557338e-29
7.000000e+00 7.557338e-29
7.250000e+00 7.557338e-29
7.500000e+00 7.557338e-29
7.750000e+00 7.557338e-29
