1.000000e+00 9.206206e-01
1.250000e+00 9.097911e-01
1.500000e+00 8.988927e-01
1.750000e+00 8.858164e-01
2.000000e+00 8.717222e-01
2.250000e+00 8.559480e-01
2.500000e+00 8.392052e-01
2.750000e+00 8.213945e-01
3.000000e+00 8.027559e-01
3.250000e+00 7.829761e-01
3.500000e+00 7.625828e-01
3.750000e+00 7.415495e-01
4.000000e+00 7.198420e-01
4.250000e+00 6.980340e-01
4.500000e+00 6.758904e-01
4.750000e+00 6.536518e-01
5.000000e+00 6.314278e-01
5.250000e+00 6.093714e-01
5.500000e+00 5.875179e-01
5.750000e+00 5.658149e-01
6.000000e+00 5.445399e-01
6.250000e+00 5.236595e-01
6.500000e+00 5.031539e-01
6.750000e+00 4.833686e-01
7.000000e+00 4.641438e-01
7.250000e+00 4.455944e-01
7.500000e+00 4.276811e-01
7.750000e+00 4.102717e-01
8.000000e+00 3.934765e-01
8.250000e+00 3.773507e-01
8.500000e+00 3.616089e-01
8.750000e+00 3.463531e-01
9.000000e+00 3.314784e-01
9.250000e+00 3.170332e-01
9.500000e+00 3.030262e-01
9.750000e+00 2.893643e-01
