1.000000e+00 7.788292e-01
1.250000e+00 7.525191e-01
1.500000e+00 7.227085e-01
1.750000e+00 6.944992e-01
2.000000e+00 6.604251e-01
2.250000e+00 6.248267e-01
2.500000e+00 5.895080e-01
2.750000e+00 5.537887e-01
3.000000e+00 5.181076e-01
3.250000e+00 4.819658e-01
3.500000e+00 4.471274e-01
3.750000e+00 4.155541e-01
4.000000e+00 3.844385e-01
4.250000e+00 3.548103e-01
4.500000e+00 3.271568e-01
4.750000e+00 3.006879e-01
5.000000e+00 2.752847e-01
5.250000e+00 2.513769e-01
5.500000e+00 2.293824e-01
5.750000e+00 2.096705e-01
6.000000e+00 1.915924e-01
6.250000e+00 1.746398e-01
6.500000e+00 1.597250e-01
6.750000e+00 1.468177e-01
7.000000e+00 1.353795e-01
7.250000e+00 1.255606e-01
7.500000e+00 1.170316e-01
7.750000e+00 1.095047e-01
