1.000000e+00 1.936799e-05
1.250000e+00 4.285065e-06
1.500000e+00 1.549614e-06
1.750000e+00 6.696766e-07
2.000000e+00 2.831222e-07
2.250000e+00 1.430118e-07
2.500000e+00 7.003037e-08
2.750000e+00 3.559902e-08
3.000000e+00 1.824811e-08
3.250000e+00 9.684631e-09
3.500000e+00 5.386158e-09
3.750000e+00 3.329565e-09
4.000000e+00 2.155236e-09
4.250000e+00 1.363186e-09
4.500000e+00 8.885992e-10
4.750000e+00 5.614886e-10
5.000000e+00 3.802467e-10
5.250000e+00 2.606308e-10
5.500000e+00 1.754901e-10
5.750000e+00 1.155669e-10
6.000000e+00 7.841596e-11
6.250000e+00 5.187197e-11
6.500000e+00 3.401402e-11
6.750000e+00 2.166085e-11
7.000000e+00 1.304667e-11
7.250000e+00 7.649512e-12
7.500000e+00 4.356074e-12
7.750000e+00 2.444859e-12
