1.000000 0.010470
1.250000 0.018559
1.500000 0.029485
1.750000 0.042628
2.000000 0.060313
2.250000 0.075149
2.500000 0.089881
2.750000 0.112361
3.000000 0.138749
3.250000 0.169733
3.500000 0.202536
3.750000 0.237527
4.000000 0.279713
4.250000 0.315313
4.500000 0.357084
4.750000 0.402091
5.000000 0.445553
5.250000 0.491617
5.500000 0.544689
5.750000 0.591090
6.000000 0.668268
6.250000 0.754536
6.500000 0.777691
6.750000 0.922591
7.000000 0.985112
7.250000 1.053111
7.500000 1.123204
7.750000 1.196300
8.000000 1.275914
8.250000 1.129254
8.500000 1.302960
8.750000 1.338826
9.000000 1.441654
9.250000 1.475184
9.500000 1.543749
9.750000 1.619973
