0.000000e+00 -2.229790e-05
1.000000e-04 -3.897808e-05
2.000000e-04 6.896639e-05
3.000000e-04 5.446057e-05
4.000000e-04 8.638830e-05
5.000000e-04 2.257750e-04
6.000000e-04 3.701842e-04
7.000000e-04 2.838891e-04
8.000000e-04 3.783426e-04
9.000000e-04 2.887462e-04
1.000000e-03 3.533690e-04
1.100000e-03 4.044299e-04
1.200000e-03 3.578824e-04
1.300000e-03 4.364113e-04
1.400000e-03 4.104016e-04
1.500000e-03 2.257882e-04
1.600000e-03 2.046986e-04
1.700000e-03 1.922298e-04
1.800000e-03 2.116489e-04
1.900000e-03 3.710442e-04
2.000000e-03 4.738703e-04
2.100000e-03 4.941297e-04
2.200000e-03 5.929568e-04
2.300000e-03 7.500410e-04
2.400000e-03 8.102612e-04
2.500000e-03 8.829204e-04
2.600000e-03 1.182905e-03
2.700000e-03 1.296544e-03
2.800000e-03 1.323366e-03
2.900000e-03 1.417112e-03
3.000000e-03 1.337768e-03
3.100000e-03 1.295407e-03
3.200000e-03 1.286474e-03
3.300000e-03 1.435381e-03
3.400000e-03 1.402147e-03
3.500000e-03 1.366198e-03
3.600000e-03 1.398953e-03
3.700000e-03 1.477813e-03
3.800000e-03 1.736228e-03
3.900000e-03 1.643438e-03
4.000000e-03 1.741895e-03
4.100000e-03 1.774496e-03
4.200000e-03 1.671068e-03
4.300000e-03 1.777733e-03
4.400000e-03 1.734016e-03
4.500000e-03 1.731859e-03
4.600000e-03 1.815512e-03
4.700000e-03 1.860213e-03
4.800000e-03 1.896594e-03
4.900000e-03 2.069459e-03
5.000000e-03 2.138404e-03
5.100000e-03 2.233452e-03
5.200000e-03 2.311129e-03
5.300000e-03 2.435586e-03
5.400000e-03 2.573685e-03
5.500000e-03 2.739004e-03
5.600000e-03 2.840147e-03
5.700000e-03 2.900636e-03
5.800000e-03 3.068402e-03
5.900000e-03 3.094002e-03
6.000000e-03 3.091634e-03
6.100000e-03 3.109078e-03
6.200000e-03 3.191267e-03
6.300000e-03 3.296801e-03
6.400000e-03 3.406173e-03
6.500000e-03 3.415793e-03
6.600000e-03 3.380047e-03
6.700000e-03 3.515064e-03
6.800000e-03 3.743360e-03
6.900000e-03 3.933366e-03
7.000000e-03 4.080618e-03
7.100000e-03 4.237862e-03
7.200000e-03 4.478620e-03
7.300000e-03 4.657101e-03
7.400000e-03 4.736680e-03
7.500000e-03 4.852600e-03
7.600000e-03 4.817368e-03
7.700000e-03 5.058962e-03
7.800000e-03 5.191391e-03
7.900000e-03 5.216582e-03
8.000000e-03 5.400066e-03
8.100000e-03 5.526700e-03
8.200000e-03 5.694469e-03
8.300000e-03 5.847811e-03
8.400000e-03 5.831503e-03
8.500000e-03 5.967270e-03
8.600000e-03 6.079773e-03
8.700000e-03 6.069336e-03
8.800000e-03 6.205974e-03
8.900000e-03 6.269140e-03
9.000000e-03 6.422996e-03
9.100000e-03 6.638042e-03
9.200000e-03 6.762133e-03
9.300000e-03 6.752455e-03
9.400000e-03 7.040977e-03
9.500000e-03 7.044313e-03
9.600000e-03 7.120236e-03
9.700000e-03 7.215453e-03
9.800000e-03 7.322718e-03
9.900000e-03 7.452403e-03
1.000000e-02 7.621480e-03
1.010000e-02 7.709123e-03
1.020000e-02 7.573660e-03
1.030000e-02 7.659882e-03
1.040000e-02 7.698312e-03
1.050000e-02 7.763089e-03
1.060000e-02 7.882703e-03
1.070000e-02 8.134468e-03
1.080000e-02 8.273933e-03
1.090000e-02 8.555578e-03
1.100000e-02 8.812045e-03
1.110000e-02 8.796196e-03
1.120000e-02 8.925089e-03
1.130000e-02 9.304318e-03
1.140000e-02 9.576586e-03
1.150000e-02 9.728312e-03
1.160000e-02 9.916196e-03
1.170000e-02 9.842836e-03
1.180000e-02 9.989205e-03
1.190000e-02 1.004453e-02
1.200000e-02 1.018142e-02
1.210000e-02 1.033023e-02
1.220000e-02 1.066787e-02
1.230000e-02 1.084237e-02
1.240000e-02 1.130445e-02
1.250000e-02 1.135772e-02
1.260000e-02 1.146256e-02
1.270000e-02 1.149014e-02
1.280000e-02 1.138121e-02
1.290000e-02 1.132843e-02
1.300000e-02 1.141595e-02
1.310000e-02 1.134397e-02
1.320000e-02 1.137030e-02
1.330000e-02 1.136633e-02
1.340000e-02 1.156314e-02
1.350000e-02 1.156438e-02
1.360000e-02 1.155917e-02
1.370000e-02 1.152224e-02
1.380000e-02 1.167996e-02
1.390000e-02 1.185558e-02
1.400000e-02 1.200506e-02
1.410000e-02 1.196284e-02
1.420000e-02 1.196909e-02
1.430000e-02 1.200561e-02
1.440000e-02 1.209838e-02
1.450000e-02 1.211748e-02
1.460000e-02 1.221258e-02
1.470000e-02 1.223962e-02
1.480000e-02 1.236510e-02
1.490000e-02 1.234830e-02
1.500000e-02 1.239674e-02
1.510000e-02 1.250906e-02
1.520000e-02 1.264254e-02
1.530000e-02 1.254396e-02
1.540000e-02 1.258700e-02
1.550000e-02 1.249399e-02
1.560000e-02 1.243257e-02
1.570000e-02 1.235735e-02
1.580000e-02 1.245548e-02
1.590000e-02 1.243338e-02
1.600000e-02 1.248843e-02
1.610000e-02 1.248531e-02
1.620000e-02 1.272291e-02
1.630000e-02 1.283897e-02
1.640000e-02 1.285376e-02
1.650000e-02 1.271350e-02
1.660000e-02 1.264806e-02
1.670000e-02 1.252689e-02
1.680000e-02 1.249724e-02
1.690000e-02 1.253923e-02
1.700000e-02 1.256849e-02
1.710000e-02 1.264397e-02
1.720000e-02 1.275448e-02
1.730000e-02 1.272486e-02
1.740000e-02 1.269656e-02
1.750000e-02 1.265349e-02
1.760000e-02 1.256600e-02
1.770000e-02 1.245476e-02
1.780000e-02 1.219479e-02
1.790000e-02 1.203414e-02
1.800000e-02 1.195726e-02
1.810000e-02 1.195712e-02
1.820000e-02 1.200503e-02
1.830000e-02 1.198301e-02
1.840000e-02 1.196165e-02
1.850000e-02 1.206167e-02
1.860000e-02 1.201292e-02
1.870000e-02 1.197443e-02
1.880000e-02 1.190006e-02
1.890000e-02 1.181048e-02
1.900000e-02 1.175513e-02
1.910000e-02 1.174098e-02
1.920000e-02 1.167477e-02
1.930000e-02 1.153364e-02
1.940000e-02 1.142334e-02
1.950000e-02 1.142374e-02
1.960000e-02 1.141674e-02
1.970000e-02 1.144632e-02
1.980000e-02 1.150490e-02
1.990000e-02 1.164335e-02
2.000000e-02 1.165470e-02
2.010000e-02 1.168675e-02
2.020000e-02 1.168245e-02
2.030000e-02 1.161028e-02
2.040000e-02 1.166439e-02
2.050000e-02 1.170674e-02
2.060000e-02 1.171130e-02
2.070000e-02 1.153958e-02
2.080000e-02 1.151721e-02
2.090000e-02 1.150870e-02
2.100000e-02 1.136885e-02
2.110000e-02 1.131665e-02
2.120000e-02 1.128652e-02
2.130000e-02 1.128024e-02
2.140000e-02 1.125790e-02
2.150000e-02 1.126298e-02
2.160000e-02 1.119550e-02
2.170000e-02 1.119732e-02
2.180000e-02 1.111579e-02
2.190000e-02 1.109970e-02
2.200000e-02 1.104421e-02
2.210000e-02 1.098911e-02
2.220000e-02 1.072579e-02
2.230000e-02 1.071066e-02
2.240000e-02 1.068167e-02
2.250000e-02 1.077996e-02
2.260000e-02 1.055341e-02
2.270000e-02 1.047614e-02
2.280000e-02 1.046048e-02
2.290000e-02 1.040905e-02
2.300000e-02 1.028030e-02
2.310000e-02 1.013211e-02
2.320000e-02 1.003678e-02
2.330000e-02 9.997081e-03
2.340000e-02 9.871468e-03
2.350000e-02 9.777282e-03
2.360000e-02 9.904621e-03
2.370000e-02 9.831914e-03
2.380000e-02 9.608873e-03
2.390000e-02 9.615843e-03
2.400000e-02 9.526072e-03
2.410000e-02 9.479575e-03
2.420000e-02 9.337735e-03
2.430000e-02 9.327034e-03
2.440000e-02 9.289680e-03
2.450000e-02 9.251712e-03
2.460000e-02 9.065504e-03
2.470000e-02 8.953806e-03
2.480000e-02 8.907814e-03
2.490000e-02 8.686099e-03
2.500000e-02 8.832002e-03
2.510000e-02 8.745782e-03
2.520000e-02 8.559959e-03
2.530000e-02 8.525143e-03
2.540000e-02 8.495901e-03
2.550000e-02 8.422639e-03
2.560000e-02 8.370544e-03
2.570000e-02 8.281841e-03
2.580000e-02 8.183244e-03
2.590000e-02 8.081628e-03
2.600000e-02 8.017759e-03
2.610000e-02 7.945384e-03
2.620000e-02 7.828082e-03
2.630000e-02 7.672210e-03
2.640000e-02 7.554957e-03
2.650000e-02 7.388557e-03
2.660000e-02 7.291623e-03
2.670000e-02 7.248694e-03
2.680000e-02 6.948988e-03
2.690000e-02 6.920983e-03
2.700000e-02 6.986431e-03
2.710000e-02 6.936243e-03
2.720000e-02 6.904966e-03
2.730000e-02 6.786458e-03
2.740000e-02 6.649964e-03
2.750000e-02 6.428699e-03
2.760000e-02 6.352077e-03
2.770000e-02 6.205455e-03
2.780000e-02 6.230351e-03
2.790000e-02 6.202240e-03
2.800000e-02 6.194187e-03
2.810000e-02 5.964256e-03
2.820000e-02 5.866067e-03
2.830000e-02 5.794476e-03
2.840000e-02 5.748028e-03
2.850000e-02 5.681990e-03
2.860000e-02 5.612186e-03
2.870000e-02 5.466817e-03
2.880000e-02 5.403316e-03
2.890000e-02 5.257118e-03
2.900000e-02 5.294072e-03
2.910000e-02 5.147339e-03
2.920000e-02 4.967790e-03
2.930000e-02 4.852119e-03
2.940000e-02 4.718038e-03
2.950000e-02 4.712518e-03
2.960000e-02 4.502151e-03
2.970000e-02 4.473642e-03
2.980000e-02 4.395336e-03
2.990000e-02 4.341665e-03
3.000000e-02 4.162965e-03
3.010000e-02 4.094507e-03
3.020000e-02 4.203364e-03
3.030000e-02 4.094007e-03
3.040000e-02 4.010955e-03
3.050000e-02 3.831327e-03
3.060000e-02 3.904950e-03
3.070000e-02 3.860705e-03
3.080000e-02 3.657497e-03
3.090000e-02 3.633935e-03
3.100000e-02 3.599276e-03
3.110000e-02 3.585745e-03
3.120000e-02 3.602218e-03
3.130000e-02 3.417893e-03
3.140000e-02 3.407686e-03
3.150000e-02 3.523832e-03
3.160000e-02 3.513961e-03
3.170000e-02 3.401371e-03
3.180000e-02 3.260529e-03
3.190000e-02 3.368024e-03
3.200000e-02 3.371593e-03
3.210000e-02 3.358378e-03
3.220000e-02 3.370608e-03
3.230000e-02 3.356144e-03
3.240000e-02 3.332604e-03
3.250000e-02 3.249335e-03
3.260000e-02 3.201241e-03
3.270000e-02 3.213595e-03
3.280000e-02 3.340221e-03
3.290000e-02 3.311258e-03
3.300000e-02 3.240466e-03
3.310000e-02 3.284199e-03
3.320000e-02 3.164731e-03
3.330000e-02 3.208585e-03
3.340000e-02 3.080587e-03
3.350000e-02 2.977962e-03
3.360000e-02 2.973409e-03
3.370000e-02 2.900416e-03
3.380000e-02 2.910810e-03
3.390000e-02 3.009410e-03
3.400000e-02 2.742497e-03
3.410000e-02 2.859921e-03
3.420000e-02 2.704956e-03
3.430000e-02 2.771674e-03
3.440000e-02 2.852666e-03
3.450000e-02 2.994121e-03
3.460000e-02 3.019000e-03
3.470000e-02 3.077414e-03
3.480000e-02 3.044480e-03
3.490000e-02 3.065258e-03
3.500000e-02 3.129703e-03
3.510000e-02 3.249398e-03
3.520000e-02 3.248805e-03
3.530000e-02 3.169738e-03
3.540000e-02 3.167121e-03
3.550000e-02 3.231961e-03
3.560000e-02 3.147254e-03
3.570000e-02 3.220957e-03
3.580000e-02 3.300717e-03
3.590000e-02 3.318305e-03
3.600000e-02 3.387454e-03
3.610000e-02 3.417595e-03
3.620000e-02 3.328432e-03
3.630000e-02 3.478120e-03
3.640000e-02 3.405000e-03
3.650000e-02 3.345870e-03
3.660000e-02 3.370193e-03
3.670000e-02 3.470712e-03
3.680000e-02 3.496208e-03
3.690000e-02 3.687775e-03
3.700000e-02 3.749349e-03
3.710000e-02 3.965279e-03
3.720000e-02 4.001326e-03
3.730000e-02 4.079148e-03
3.740000e-02 4.185516e-03
3.750000e-02 4.305833e-03
3.760000e-02 4.192345e-03
3.770000e-02 4.180160e-03
3.780000e-02 4.212771e-03
3.790000e-02 4.258434e-03
3.800000e-02 4.314854e-03
3.810000e-02 4.338003e-03
3.820000e-02 4.369644e-03
3.830000e-02 4.376762e-03
3.840000e-02 4.327736e-03
3.850000e-02 4.366242e-03
3.860000e-02 4.290879e-03
3.870000e-02 4.252214e-03
3.880000e-02 4.336639e-03
3.890000e-02 4.317361e-03
3.900000e-02 4.408589e-03
3.910000e-02 4.439817e-03
3.920000e-02 4.586571e-03
3.930000e-02 4.502016e-03
3.940000e-02 4.587165e-03
3.950000e-02 4.709882e-03
3.960000e-02 4.714164e-03
3.970000e-02 4.640573e-03
3.980000e-02 4.516635e-03
3.990000e-02 4.592289e-03
4.000000e-02 4.683860e-03
4.010000e-02 4.768300e-03
4.020000e-02 4.756172e-03
4.030000e-02 4.844922e-03
4.040000e-02 4.861472e-03
4.050000e-02 4.842304e-03
4.060000e-02 4.928797e-03
4.070000e-02 4.922601e-03
4.080000e-02 4.965283e-03
4.090000e-02 5.042972e-03
4.100000e-02 4.933170e-03
4.110000e-02 4.879763e-03
4.120000e-02 4.976571e-03
4.130000e-02 4.957513e-03
4.140000e-02 4.860681e-03
4.150000e-02 4.900516e-03
4.160000e-02 4.928844e-03
4.170000e-02 4.908728e-03
4.180000e-02 4.998248e-03
4.190000e-02 5.058766e-03
4.200000e-02 5.058056e-03
4.210000e-02 5.172166e-03
4.220000e-02 5.251760e-03
4.230000e-02 5.377466e-03
4.240000e-02 5.473296e-03
4.250000e-02 5.573511e-03
4.260000e-02 5.586741e-03
4.270000e-02 5.704149e-03
4.280000e-02 5.807204e-03
4.290000e-02 5.949064e-03
4.300000e-02 5.865946e-03
4.310000e-02 5.824992e-03
4.320000e-02 5.849372e-03
4.330000e-02 6.015416e-03
4.340000e-02 6.144818e-03
4.350000e-02 6.201687e-03
4.360000e-02 6.239350e-03
4.370000e-02 6.315154e-03
4.380000e-02 6.390149e-03
4.390000e-02 6.467855e-03
4.400000e-02 6.562348e-03
4.410000e-02 6.692502e-03
4.420000e-02 6.693854e-03
4.430000e-02 6.694890e-03
4.440000e-02 6.691445e-03
4.450000e-02 6.681460e-03
4.460000e-02 6.692399e-03
4.470000e-02 6.932096e-03
4.480000e-02 6.981178e-03
4.490000e-02 6.920884e-03
4.500000e-02 7.064070e-03
4.510000e-02 6.969757e-03
4.520000e-02 6.986470e-03
4.530000e-02 7.107527e-03
4.540000e-02 7.016058e-03
4.550000e-02 7.172837e-03
4.560000e-02 7.275335e-03
4.570000e-02 7.407644e-03
4.580000e-02 7.585270e-03
4.590000e-02 7.734496e-03
4.600000e-02 7.693847e-03
4.610000e-02 7.721446e-03
4.620000e-02 7.801390e-03
4.630000e-02 7.638367e-03
4.640000e-02 7.799270e-03
4.650000e-02 7.903436e-03
4.660000e-02 8.058535e-03
4.670000e-02 7.995786e-03
4.680000e-02 7.951237e-03
4.690000e-02 8.012006e-03
4.700000e-02 8.142694e-03
4.710000e-02 8.206212e-03
4.720000e-02 8.343635e-03
4.730000e-02 8.296190e-03
4.740000e-02 8.384681e-03
4.750000e-02 8.447925e-03
4.760000e-02 8.209435e-03
4.770000e-02 8.279551e-03
4.780000e-02 8.320649e-03
4.790000e-02 8.396323e-03
4.800000e-02 8.575222e-03
4.810000e-02 8.657300e-03
4.820000e-02 8.722855e-03
4.830000e-02 8.829638e-03
4.840000e-02 8.949491e-03
4.850000e-02 9.011532e-03
4.860000e-02 9.047911e-03
4.870000e-02 9.035543e-03
4.880000e-02 8.997120e-03
4.890000e-02 8.915632e-03
4.900000e-02 8.908215e-03
4.910000e-02 9.163592e-03
4.920000e-02 9.074254e-03
4.930000e-02 9.261146e-03
4.940000e-02 9.238459e-03
4.950000e-02 9.215421e-03
4.960000e-02 9.200457e-03
4.970000e-02 9.283267e-03
4.980000e-02 9.338989e-03
4.990000e-02 9.510758e-03
5.000000e-02 9.561277e-03
5.010000e-02 9.584224e-03
5.020000e-02 9.742408e-03
5.030000e-02 9.943968e-03
5.040000e-02 9.883119e-03
5.050000e-02 9.851830e-03
5.060000e-02 9.773932e-03
5.070000e-02 9.865531e-03
5.080000e-02 9.851857e-03
5.090000e-02 1.000080e-02
5.100000e-02 9.931954e-03
5.110000e-02 9.935524e-03
5.120000e-02 1.000583e-02
5.130000e-02 1.010693e-02
5.140000e-02 1.014070e-02
5.150000e-02 1.009313e-02
5.160000e-02 1.014588e-02
5.170000e-02 1.013487e-02
5.180000e-02 1.007904e-02
5.190000e-02 1.003201e-02
5.200000e-02 1.011338e-02
5.210000e-02 1.001488e-02
5.220000e-02 1.016646e-02
5.230000e-02 1.027059e-02
5.240000e-02 1.032431e-02
5.250000e-02 1.037393e-02
5.260000e-02 1.044873e-02
5.270000e-02 1.045636e-02
5.280000e-02 1.040602e-02
5.290000e-02 1.039745e-02
5.300000e-02 1.044465e-02
5.310000e-02 1.028589e-02
5.320000e-02 1.030433e-02
5.330000e-02 1.030274e-02
5.340000e-02 1.027632e-02
5.350000e-02 1.023500e-02
5.360000e-02 1.017615e-02
5.370000e-02 1.013883e-02
5.380000e-02 1.017197e-02
5.390000e-02 1.009002e-02
5.400000e-02 1.019171e-02
5.410000e-02 9.917932e-03
5.420000e-02 9.969287e-03
5.430000e-02 1.008400e-02
5.440000e-02 1.016896e-02
5.450000e-02 1.001904e-02
5.460000e-02 9.873647e-03
5.470000e-02 9.855794e-03
5.480000e-02 9.820656e-03
5.490000e-02 9.912768e-03
5.500000e-02 9.915883e-03
5.510000e-02 9.946025e-03
5.520000e-02 9.898238e-03
5.530000e-02 9.953468e-03
5.540000e-02 9.919619e-03
5.550000e-02 9.843500e-03
5.560000e-02 9.676653e-03
5.570000e-02 9.670553e-03
5.580000e-02 9.718705e-03
5.590000e-02 9.741449e-03
5.600000e-02 9.701593e-03
5.610000e-02 9.729396e-03
5.620000e-02 9.857142e-03
5.630000e-02 9.872168e-03
5.640000e-02 9.818517e-03
5.650000e-02 9.751930e-03
5.660000e-02 9.786022e-03
5.670000e-02 9.918885e-03
5.680000e-02 9.814379e-03
5.690000e-02 9.769393e-03
5.700000e-02 9.726485e-03
5.710000e-02 9.699352e-03
5.720000e-02 9.599853e-03
5.730000e-02 9.505492e-03
5.740000e-02 9.259234e-03
5.750000e-02 9.195201e-03
5.760000e-02 9.138938e-03
5.770000e-02 9.132890e-03
5.780000e-02 9.065318e-03
5.790000e-02 9.113934e-03
5.800000e-02 9.169084e-03
5.810000e-02 9.194397e-03
5.820000e-02 9.263712e-03
5.830000e-02 9.127760e-03
5.840000e-02 9.131541e-03
5.850000e-02 9.076174e-03
5.860000e-02 9.107428e-03
5.870000e-02 9.105094e-03
5.880000e-02 9.012550e-03
5.890000e-02 9.003185e-03
5.900000e-02 9.030240e-03
5.910000e-02 8.979634e-03
5.920000e-02 8.793538e-03
5.930000e-02 8.750185e-03
5.940000e-02 8.800167e-03
5.950000e-02 8.716405e-03
5.960000e-02 8.571283e-03
5.970000e-02 8.507648e-03
5.980000e-02 8.426065e-03
5.990000e-02 8.315807e-03
6.000000e-02 8.274476e-03
6.010000e-02 8.356823e-03
6.020000e-02 8.253374e-03
6.030000e-02 8.308614e-03
6.040000e-02 8.398417e-03
6.050000e-02 8.358043e-03
6.060000e-02 8.398947e-03
6.070000e-02 8.376903e-03
6.080000e-02 8.196182e-03
6.090000e-02 8.046516e-03
6.100000e-02 8.068727e-03
6.110000e-02 7.968104e-03
6.120000e-02 7.904652e-03
6.130000e-02 7.928089e-03
6.140000e-02 7.940310e-03
6.150000e-02 7.978118e-03
6.160000e-02 7.983729e-03
6.170000e-02 8.084056e-03
6.180000e-02 7.890249e-03
6.190000e-02 7.762780e-03
6.200000e-02 7.892145e-03
6.210000e-02 7.801203e-03
6.220000e-02 7.731305e-03
6.230000e-02 7.704626e-03
6.240000e-02 7.560751e-03
6.250000e-02 7.723878e-03
6.260000e-02 7.639655e-03
6.270000e-02 7.669566e-03
6.280000e-02 7.674432e-03
6.290000e-02 7.549675e-03
6.300000e-02 7.684336e-03
6.310000e-02 7.809825e-03
6.320000e-02 7.940232e-03
6.330000e-02 7.980029e-03
6.340000e-02 8.039249e-03
6.350000e-02 8.023084e-03
6.360000e-02 7.969744e-03
6.370000e-02 8.064547e-03
6.380000e-02 8.117416e-03
6.390000e-02 8.205013e-03
6.400000e-02 8.285345e-03
6.410000e-02 8.448697e-03
6.420000e-02 8.601916e-03
6.430000e-02 8.717297e-03
6.440000e-02 8.678503e-03
6.450000e-02 8.708593e-03
6.460000e-02 8.842938e-03
6.470000e-02 8.753246e-03
6.480000e-02 8.885096e-03
6.490000e-02 8.971953e-03
6.500000e-02 8.862338e-03
6.510000e-02 8.981087e-03
6.520000e-02 9.065822e-03
6.530000e-02 9.109744e-03
6.540000e-02 9.113734e-03
6.550000e-02 9.034216e-03
6.560000e-02 9.150255e-03
6.570000e-02 9.149207e-03
6.580000e-02 9.144862e-03
6.590000e-02 9.241101e-03
6.600000e-02 9.282041e-03
6.610000e-02 9.366972e-03
6.620000e-02 9.316593e-03
6.630000e-02 9.520180e-03
6.640000e-02 9.653941e-03
6.650000e-02 9.771041e-03
6.660000e-02 9.888890e-03
6.670000e-02 9.964116e-03
6.680000e-02 9.933790e-03
6.690000e-02 1.000353e-02
6.700000e-02 1.005684e-02
6.710000e-02 1.001342e-02
6.720000e-02 1.009587e-02
6.730000e-02 1.027590e-02
6.740000e-02 1.049722e-02
6.750000e-02 1.056251e-02
6.760000e-02 1.051970e-02
6.770000e-02 1.057567e-02
6.780000e-02 1.063943e-02
6.790000e-02 1.075679e-02
6.800000e-02 1.079265e-02
6.810000e-02 1.082171e-02
6.820000e-02 1.096785e-02
6.830000e-02 1.110998e-02
6.840000e-02 1.119715e-02
6.850000e-02 1.098080e-02
6.860000e-02 1.081604e-02
6.870000e-02 1.092607e-02
6.880000e-02 1.097444e-02
6.890000e-02 1.093135e-02
6.900000e-02 1.093500e-02
6.910000e-02 1.100581e-02
6.920000e-02 1.102353e-02
6.930000e-02 1.108187e-02
6.940000e-02 1.106446e-02
6.950000e-02 1.110261e-02
6.960000e-02 1.142396e-02
6.970000e-02 1.152323e-02
6.980000e-02 1.161192e-02
6.990000e-02 1.164370e-02
7.000000e-02 1.190499e-02
7.010000e-02 1.201881e-02
7.020000e-02 1.206744e-02
7.030000e-02 1.212315e-02
7.040000e-02 1.237126e-02
7.050000e-02 1.278649e-02
7.060000e-02 1.278335e-02
7.070000e-02 1.279522e-02
7.080000e-02 1.291710e-02
7.090000e-02 1.298403e-02
7.100000e-02 1.320155e-02
7.110000e-02 1.314003e-02
7.120000e-02 1.332428e-02
7.130000e-02 1.336792e-02
7.140000e-02 1.328248e-02
7.150000e-02 1.341404e-02
7.160000e-02 1.358592e-02
7.170000e-02 1.389453e-02
7.180000e-02 1.403648e-02
7.190000e-02 1.411508e-02
7.200000e-02 1.424643e-02
7.210000e-02 1.429158e-02
7.220000e-02 1.451049e-02
7.230000e-02 1.447642e-02
7.240000e-02 1.449733e-02
7.250000e-02 1.458511e-02
7.260000e-02 1.482187e-02
7.270000e-02 1.487046e-02
7.280000e-02 1.490979e-02
7.290000e-02 1.499030e-02
7.300000e-02 1.503982e-02
7.310000e-02 1.513590e-02
7.320000e-02 1.524625e-02
7.330000e-02 1.535748e-02
7.340000e-02 1.533977e-02
7.350000e-02 1.541742e-02
7.360000e-02 1.560080e-02
7.370000e-02 1.575382e-02
7.380000e-02 1.582435e-02
7.390000e-02 1.589783e-02
7.400000e-02 1.604446e-02
7.410000e-02 1.621017e-02
7.420000e-02 1.644997e-02
7.430000e-02 1.652898e-02
7.440000e-02 1.654211e-02
7.450000e-02 1.669978e-02
7.460000e-02 1.686825e-02
7.470000e-02 1.683038e-02
7.480000e-02 1.696202e-02
7.490000e-02 1.707681e-02
7.500000e-02 1.705031e-02
7.510000e-02 1.699752e-02
7.520000e-02 1.709840e-02
7.530000e-02 1.721593e-02
7.540000e-02 1.720213e-02
7.550000e-02 1.734917e-02
7.560000e-02 1.739974e-02
7.570000e-02 1.740947e-02
7.580000e-02 1.737922e-02
7.590000e-02 1.756206e-02
7.600000e-02 1.742851e-02
7.610000e-02 1.730914e-02
7.620000e-02 1.737636e-02
7.630000e-02 1.733571e-02
7.640000e-02 1.744746e-02
7.650000e-02 1.759491e-02
7.660000e-02 1.761531e-02
7.670000e-02 1.780601e-02
7.680000e-02 1.771442e-02
7.690000e-02 1.772827e-02
7.700000e-02 1.776901e-02
7.710000e-02 1.776583e-02
7.720000e-02 1.783797e-02
7.730000e-02 1.793663e-02
7.740000e-02 1.793372e-02
7.750000e-02 1.793053e-02
7.760000e-02 1.797806e-02
7.770000e-02 1.814387e-02
7.780000e-02 1.806972e-02
7.790000e-02 1.808189e-02
7.800000e-02 1.806099e-02
7.810000e-02 1.807853e-02
7.820000e-02 1.809481e-02
7.830000e-02 1.811604e-02
7.840000e-02 1.810647e-02
7.850000e-02 1.800044e-02
7.860000e-02 1.792417e-02
7.870000e-02 1.793226e-02
7.880000e-02 1.784985e-02
7.890000e-02 1.783925e-02
7.900000e-02 1.803901e-02
7.910000e-02 1.807530e-02
7.920000e-02 1.800064e-02
7.930000e-02 1.794620e-02
7.940000e-02 1.791877e-02
7.950000e-02 1.797342e-02
7.960000e-02 1.802182e-02
7.970000e-02 1.795572e-02
7.980000e-02 1.799725e-02
7.990000e-02 1.804586e-02
8.000000e-02 1.810599e-02
8.010000e-02 1.795050e-02
8.020000e-02 1.792082e-02
8.030000e-02 1.775240e-02
8.040000e-02 1.788243e-02
8.050000e-02 1.781125e-02
8.060000e-02 1.782545e-02
8.070000e-02 1.795375e-02
8.080000e-02 1.789327e-02
8.090000e-02 1.790238e-02
8.100000e-02 1.799302e-02
8.110000e-02 1.787097e-02
8.120000e-02 1.773238e-02
8.130000e-02 1.786300e-02
8.140000e-02 1.778363e-02
8.150000e-02 1.776906e-02
8.160000e-02 1.767744e-02
8.170000e-02 1.761259e-02
8.180000e-02 1.741151e-02
8.190000e-02 1.741993e-02
8.200000e-02 1.725099e-02
8.210000e-02 1.727482e-02
8.220000e-02 1.729256e-02
8.230000e-02 1.734344e-02
8.240000e-02 1.755317e-02
8.250000e-02 1.749974e-02
8.260000e-02 1.748431e-02
8.270000e-02 1.744989e-02
8.280000e-02 1.732094e-02
8.290000e-02 1.724571e-02
8.300000e-02 1.709211e-02
8.310000e-02 1.723316e-02
8.320000e-02 1.722186e-02
8.330000e-02 1.708118e-02
8.340000e-02 1.706306e-02
8.350000e-02 1.702161e-02
8.360000e-02 1.695429e-02
8.370000e-02 1.686589e-02
8.380000e-02 1.675218e-02
8.390000e-02 1.667984e-02
8.400000e-02 1.666814e-02
8.410000e-02 1.661633e-02
8.420000e-02 1.652375e-02
8.430000e-02 1.645975e-02
8.440000e-02 1.641147e-02
8.450000e-02 1.635786e-02
8.460000e-02 1.622307e-02
8.470000e-02 1.606055e-02
8.480000e-02 1.593542e-02
8.490000e-02 1.572667e-02
8.500000e-02 1.580368e-02
8.510000e-02 1.561928e-02
8.520000e-02 1.551904e-02
8.530000e-02 1.533137e-02
8.540000e-02 1.525264e-02
8.550000e-02 1.514985e-02
8.560000e-02 1.489696e-02
8.570000e-02 1.461000e-02
8.580000e-02 1.454538e-02
8.590000e-02 1.445600e-02
8.600000e-02 1.424231e-02
8.610000e-02 1.412698e-02
8.620000e-02 1.391410e-02
8.630000e-02 1.372303e-02
8.640000e-02 1.344198e-02
8.650000e-02 1.328836e-02
8.660000e-02 1.327547e-02
8.670000e-02 1.315619e-02
8.680000e-02 1.306516e-02
8.690000e-02 1.285410e-02
8.700000e-02 1.271478e-02
8.710000e-02 1.270240e-02
8.720000e-02 1.244129e-02
8.730000e-02 1.225863e-02
8.740000e-02 1.201254e-02
8.750000e-02 1.184690e-02
8.760000e-02 1.156342e-02
8.770000e-02 1.141334e-02
8.780000e-02 1.125197e-02
8.790000e-02 1.113392e-02
8.800000e-02 1.093864e-02
8.810000e-02 1.071034e-02
8.820000e-02 1.058218e-02
8.830000e-02 1.039042e-02
8.840000e-02 1.031785e-02
8.850000e-02 1.015870e-02
8.860000e-02 9.965241e-03
8.870000e-02 9.737316e-03
8.880000e-02 9.575760e-03
8.890000e-02 9.577506e-03
8.900000e-02 9.409661e-03
8.910000e-02 9.201205e-03
8.920000e-02 8.822124e-03
8.930000e-02 8.540294e-03
8.940000e-02 8.491905e-03
8.950000e-02 8.279963e-03
8.960000e-02 8.112215e-03
8.970000e-02 8.058415e-03
8.980000e-02 7.723703e-03
8.990000e-02 7.501538e-03
9.000000e-02 7.539149e-03
9.010000e-02 7.317833e-03
9.020000e-02 7.063513e-03
9.030000e-02 7.097932e-03
9.040000e-02 6.783707e-03
9.050000e-02 6.620144e-03
9.060000e-02 6.361680e-03
9.070000e-02 6.184990e-03
9.080000e-02 5.948377e-03
9.090000e-02 5.742161e-03
9.100000e-02 5.687651e-03
9.110000e-02 5.501654e-03
9.120000e-02 5.483418e-03
9.130000e-02 5.393950e-03
9.140000e-02 5.071574e-03
9.150000e-02 5.035270e-03
9.160000e-02 4.690000e-03
9.170000e-02 4.595735e-03
9.180000e-02 4.594557e-03
9.190000e-02 4.383101e-03
9.200000e-02 4.408524e-03
9.210000e-02 4.214973e-03
9.220000e-02 4.108764e-03
9.230000e-02 3.889148e-03
9.240000e-02 3.660750e-03
9.250000e-02 3.297920e-03
9.260000e-02 2.946370e-03
9.270000e-02 2.564714e-03
9.280000e-02 2.166649e-03
9.290000e-02 1.950983e-03
9.300000e-02 1.747030e-03
9.310000e-02 1.583131e-03
9.320000e-02 1.543583e-03
9.330000e-02 1.404696e-03
9.340000e-02 1.246352e-03
9.350000e-02 1.110803e-03
9.360000e-02 1.005426e-03
9.370000e-02 1.031202e-03
9.380000e-02 9.684700e-04
9.390000e-02 8.003919e-04
9.400000e-02 5.082560e-04
9.410000e-02 2.822981e-04
9.420000e-02 1.529004e-04
9.430000e-02 -5.331980e-05
9.440000e-02 -3.004303e-04
9.450000e-02 -6.388660e-04
9.460000e-02 -7.643043e-04
9.470000e-02 -9.303499e-04
9.480000e-02 -1.168975e-03
9.490000e-02 -1.379660e-03
9.500000e-02 -1.346026e-03
9.510000e-02 -1.530657e-03
9.520000e-02 -1.577144e-03
9.530000e-02 -1.827167e-03
9.540000e-02 -1.959406e-03
9.550000e-02 -2.084299e-03
9.560000e-02 -2.192796e-03
9.570000e-02 -2.386679e-03
9.580000e-02 -2.750917e-03
9.590000e-02 -2.972770e-03
9.600000e-02 -3.169593e-03
9.610000e-02 -3.417501e-03
9.620000e-02 -3.676250e-03
9.630000e-02 -3.768217e-03
9.640000e-02 -4.047092e-03
9.650000e-02 -4.296949e-03
9.660000e-02 -4.565430e-03
9.670000e-02 -4.863240e-03
9.680000e-02 -5.231093e-03
9.690000e-02 -5.279132e-03
9.700000e-02 -5.322914e-03
9.710000e-02 -5.351418e-03
9.720000e-02 -5.533925e-03
9.730000e-02 -5.664041e-03
9.740000e-02 -5.862829e-03
9.750000e-02 -5.942059e-03
9.760000e-02 -6.198063e-03
9.770000e-02 -6.313148e-03
9.780000e-02 -6.516437e-03
9.790000e-02 -6.798301e-03
9.800000e-02 -6.877573e-03
9.810000e-02 -6.906012e-03
9.820000e-02 -6.923315e-03
9.830000e-02 -7.096663e-03
9.840000e-02 -7.347819e-03
9.850000e-02 -7.549959e-03
9.860000e-02 -7.789222e-03
9.870000e-02 -7.998356e-03
9.880000e-02 -8.199147e-03
9.890000e-02 -8.300273e-03
9.900000e-02 -8.496630e-03
9.910000e-02 -8.660337e-03
9.920000e-02 -8.793105e-03
9.930000e-02 -8.817622e-03
9.940000e-02 -8.967000e-03
9.950000e-02 -9.074945e-03
9.960000e-02 -9.163064e-03
9.970000e-02 -9.190372e-03
9.980000e-02 -9.266724e-03
9.990000e-02 -9.305472e-03
