0.012100 -0.285461
0.014400 -0.358753
0.016900 -0.438358
0.019600 -0.524260
0.022500 -0.616443
0.025600 -0.714890
0.028900 -0.819582
0.032400 -0.930499
0.036100 -1.047619
0.040000 -1.170920
0.044100 -1.300379
0.048400 -1.435970
0.052900 -1.577668
0.057600 -1.725445
0.062500 -1.879273
0.067600 -2.039123
0.072900 -2.204962
0.078400 -2.376760
0.084100 -2.554482
0.090000 -2.738095
0.096100 -2.927562
0.102400 -3.122847
0.108900 -3.323911
0.115600 -3.530715
0.122500 -3.743218
0.129600 -3.961379
0.136900 -4.185155
0.144400 -4.414501
0.152100 -4.649371
0.160000 -4.889720
0.168100 -5.135499
0.176400 -5.386659
0.184900 -5.643151
0.193600 -5.904921
0.202500 -6.171918
0.211600 -6.444088
0.220900 -6.721376
0.230400 -7.003725
0.240100 -7.291078
0.250000 -7.583375
0.260100 -7.880557
0.270400 -8.182563
0.280900 -8.489331
0.291600 -8.800796
0.302500 -9.116893
0.313600 -9.437558
0.324900 -9.762722
0.336400 -10.092317
0.348100 -10.426273
0.360000 -10.764520
0.372100 -11.106985
0.384400 -11.453595
0.396900 -11.804275
0.409600 -12.158951
0.422500 -12.517543
0.435600 -12.879976
0.448900 -13.246168
0.462400 -13.616041
0.476100 -13.989510
0.490000 -14.366495
0.504100 -14.746910
0.518400 -15.130670
0.532900 -15.517689
0.547600 -15.907878
0.562500 -16.301148
0.577600 -16.697410
0.592900 -17.096571
0.608400 -17.498540
0.624100 -17.903221
0.640000 -18.310520
0.656100 -18.720341
0.672400 -19.132585
0.688900 -19.547155
0.705600 -19.963950
0.722500 -20.382868
0.739600 -20.803809
0.756900 -21.226667
0.774400 -21.651338
0.792100 -22.077717
0.810000 -22.505695
0.828100 -22.935164
0.846400 -23.366016
0.864900 -23.798137
0.883600 -24.231418
0.902500 -24.665743
0.921600 -25.101000
0.940900 -25.537071
0.960400 -25.973841
0.980100 -26.411190
1.000000 -26.849000
1.020100 -27.287150
1.040400 -27.725518
1.060900 -28.163981
1.081600 -28.602414
1.102500 -29.040693
1.123600 -29.478691
1.144900 -29.916280
1.166400 -30.353331
1.188100 -30.789713
1.210000 -31.225295
1.232100 -31.659944
1.254400 -32.093527
1.276900 -32.525908
1.299600 -32.956951
1.322500 -33.386518
1.345600 -33.814471
1.368900 -34.240670
1.392400 -34.664972
1.416100 -35.087237
1.440000 -35.507320
1.464100 -35.925077
1.488400 -36.340360
1.512900 -36.753025
1.537600 -37.162921
1.562500 -37.569898
1.587600 -37.973808
1.612900 -38.374496
1.638400 -38.771809
1.664100 -39.165595
1.690000 -39.555695
1.716100 -39.941954
1.742400 -40.324213
1.768900 -40.702314
1.795600 -41.076094
1.822500 -41.445393
1.849600 -41.810048
1.876900 -42.169894
1.904400 -42.524766
1.932100 -42.874497
1.960000 -43.218920
1.988100 -43.557865
2.016400 -43.891162
2.044900 -44.218639
2.073600 -44.540124
2.102500 -44.855443
2.131600 -45.164421
2.160900 -45.466882
2.190400 -45.762647
2.220100 -46.051538
2.250000 -46.333375
2.280100 -46.607977
2.310400 -46.875162
2.340900 -47.134745
2.371600 -47.386543
2.402500 -47.630368
2.433600 -47.866035
2.464900 -48.093353
2.496400 -48.312135
2.528100 -48.522187
2.560000 -48.723320
2.592100 -48.915339
2.624400 -49.098049
2.656900 -49.271256
2.689600 -49.434762
2.722500 -49.588368
2.755600 -49.731877
2.788900 -49.865086
2.822400 -49.987794
2.856100 -50.099799
2.890000 -50.200895
2.924100 -50.290878
2.958400 -50.369541
2.992900 -50.436675
3.027600 -50.492073
3.062500 -50.535523
3.097600 -50.566815
3.132900 -50.585735
3.168400 -50.592069
3.204100 -50.585603
3.240000 -50.566120
3.276100 -50.533402
3.312400 -50.487232
3.348900 -50.427387
3.385600 -50.353649
3.422500 -50.265793
3.459600 -50.163598
3.496900 -50.046836
3.534400 -49.915284
3.572100 -49.768713
3.610000 -49.606895
3.648100 -49.429600
3.686400 -49.236598
3.724900 -49.027656
3.763600 -48.802541
3.802500 -48.561018
3.841600 -48.302853
3.880900 -48.027807
3.920400 -47.735642
3.960100 -47.426120
4.000000 -47.099000
4.040100 -46.754040
4.080400 -46.390996
4.120900 -46.009625
4.161600 -45.609681
4.202500 -45.190918
4.243600 -44.753088
4.284900 -44.295942
4.326400 -43.819228
4.368100 -43.322697
4.410000 -42.806095
4.452100 -42.269168
4.494400 -41.711662
4.536900 -41.133319
4.579600 -40.533882
4.622500 -39.913093
4.665600 -39.270692
4.708900 -38.606417
4.752400 -37.920006
4.796100 -37.211195
4.840000 -36.479720
4.884100 -35.725314
4.928400 -34.947711
4.972900 -34.146641
5.017600 -33.321836
5.062500 -32.473023
5.107600 -31.599932
5.152900 -30.702289
5.198400 -29.779819
5.244100 -28.832247
5.290000 -27.859295
5.336100 -26.860686
5.382400 -25.836140
5.428900 -24.785376
5.475600 -23.708113
5.522500 -22.604068
5.569600 -21.472957
5.616900 -20.314494
5.664400 -19.128392
5.712100 -17.914364
5.760000 -16.672120
5.808100 -15.401371
5.856400 -14.101824
5.904900 -12.773188
5.953600 -11.415168
6.002500 -10.027468
6.051600 -8.609794
6.100900 -7.161847
6.150400 -5.683328
6.200100 -4.173938
6.250000 -2.633375
6.300100 -1.061337
6.350400 0.542480
6.400900 2.178380
6.451600 3.846670
6.502500 5.547657
6.553600 7.281648
6.604900 9.048955
6.656400 10.849888
6.708100 12.684758
6.760000 14.553880
6.812100 16.457567
6.864400 18.396136
6.916900 20.369903
6.969600 22.379187
7.022500 24.424307
7.075600 26.505583
7.128900 28.623337
7.182400 30.777892
7.236100 32.969573
7.290000 35.198705
7.344100 37.465614
7.398400 39.770629
7.452900 42.114078
7.507600 44.496292
7.562500 46.917602
7.617600 49.378340
7.672900 51.878842
7.728400 54.419441
7.784100 57.000475
7.840000 59.622280
7.896100 62.285196
7.952400 64.989562
8.008900 67.735720
8.065600 70.524012
8.122500 73.354782
8.179600 76.228374
8.236900 79.145134
8.294400 82.105410
8.352100 85.109551
8.410000 88.157905
8.468100 91.250824
8.526400 94.388660
8.584900 97.571765
8.643600 100.800496
8.702500 104.075207
8.761600 107.396255
8.820900 110.763998
8.880400 114.178796
8.940100 117.641009
9.000000 121.151000
9.060100 124.709131
9.120400 128.315766
9.180900 131.971270
9.241600 135.676011
9.302500 139.430357
9.363600 143.234675
9.424900 147.089337
9.486400 150.994714
9.548100 154.951179
9.610000 158.959105
9.672100 163.018868
9.734400 167.130844
9.796900 171.295411
9.859600 175.512946
9.922500 179.783832
9.985600 184.108447
10.048900 188.487176
10.112400 192.920400
10.176100 197.408507
10.240000 201.951880
10.304100 206.550908
10.368400 211.205979
10.432900 215.917482
10.497600 220.685809
10.562500 225.511352
10.627600 230.394503
10.692900 235.335658
10.758400 240.335211
10.824100 245.393561
10.890000 250.511105
10.956100 255.688242
11.022400 260.925374
11.088900 266.222901
11.155600 271.581227
11.222500 277.000757
11.289600 282.481894
11.356900 288.025047
11.424400 293.630623
11.492100 299.299030
11.560000 305.030680
11.628100 310.825984
11.696400 316.685353
11.764900 322.609204
11.833600 328.597949
11.902500 334.652007
11.971600 340.771793
12.040900 346.957728
12.110400 353.210230
12.180100 359.529722
12.250000 365.916625
12.320100 372.371363
12.390400 378.894361
12.460900 385.486045
12.531600 392.146843
12.602500 398.877182
12.673600 405.677492
12.744900 412.548204
12.816400 419.489750
12.888100 426.502564
12.960000 433.587080
13.032100 440.743734
13.104400 447.972962
13.176900 455.275203
13.249600 462.650896
13.322500 470.100482
13.395600 477.624402
13.468900 485.223099
13.542400 492.897019
13.616100 500.646605
13.690000 508.472305
13.764100 516.374566
13.838400 524.353839
13.912900 532.410571
13.987600 540.545216
14.062500 548.758227
14.137600 557.050055
14.212900 565.421158
14.288400 573.871992
14.364100 582.403012
14.440000 591.014680
14.516100 599.707454
14.592400 608.481796
14.668900 617.338167
14.745600 626.277033
14.822500 635.298857
14.899600 644.404105
14.976900 653.593245
15.054400 662.866745
15.132100 672.225075
15.210000 681.668705
15.288100 691.198108
15.366400 700.813757
15.444900 710.516127
15.523600 720.305693
15.602500 730.182932
15.681600 740.148322
15.760900 750.202342
15.840400 760.345474
15.920100 770.578199
16.000000 780.901000
16.080100 791.314361
16.160400 801.818767
16.240900 812.414706
16.321600 823.102664
16.402500 833.883132
16.483600 844.756598
16.564900 855.723556
16.646400 866.784496
16.728100 877.939915
16.810000 889.190305
16.892100 900.536164
16.974400 911.977990
17.056900 923.516280
17.139600 935.151535
17.222500 946.884257
17.305600 958.714946
17.388900 970.644108
17.472400 982.672247
17.556100 994.799868
17.640000 1007.027480
17.724100 1019.355590
17.808400 1031.784708
17.892900 1044.315346
17.977600 1056.948014
18.062500 1069.683227
18.147600 1082.521498
18.232900 1095.463344
18.318400 1108.509282
18.404100 1121.659829
18.490000 1134.915505
18.576100 1148.276831
18.662400 1161.744327
18.748900 1175.318519
18.835600 1188.999928
18.922500 1202.789082
19.009600 1216.686505
19.096900 1230.692728
19.184400 1244.808277
19.272100 1259.033684
19.360000 1273.369480
19.448100 1287.816198
19.536400 1302.374371
19.624900 1317.044535
19.713600 1331.827226
19.802500 1346.722982
19.891600 1361.732340
19.980900 1376.855842
20.070400 1392.094029
20.160100 1407.447442
20.250000 1422.916625
20.340100 1438.502123
20.430400 1454.204483
20.520900 1470.024251
20.611600 1485.961976
20.702500 1502.018207
20.793600 1518.193495
20.884900 1534.488392
20.976400 1550.903453
21.068100 1567.439230
21.160000 1584.096280
21.252100 1600.875160
21.344400 1617.776427
21.436900 1634.800642
21.529600 1651.948365
21.622500 1669.220157
21.715600 1686.616581
21.808900 1704.138202
21.902400 1721.785585
21.996100 1739.559297
22.090000 1757.459905
22.184100 1775.487979
22.278400 1793.644088
22.372900 1811.928805
22.467600 1830.342701
22.562500 1848.886352
22.657600 1867.560331
22.752900 1886.365215
22.848400 1905.301582
22.944100 1924.370010
23.040000 1943.571080
23.136100 1962.905372
23.232400 1982.373469
23.328900 2001.975955
23.425600 2021.713414
23.522500 2041.586432
23.619600 2061.595596
23.716900 2081.741495
23.814400 2102.024719
23.912100 2122.445858
24.010000 2143.005505
24.108100 2163.704252
24.206400 2184.542695
24.304900 2205.521428
24.403600 2226.641049
24.502500 2247.902157
24.601600 2269.305349
24.700900 2290.851227
24.800400 2312.540393
24.900100 2334.373449
25.000000 2356.351000
25.100100 2378.473651
25.200400 2400.742009
25.300900 2423.156681
25.401600 2445.718277
25.502500 2468.427407
25.603600 2491.284681
25.704900 2514.290714
25.806400 2537.446119
25.908100 2560.751510
26.010000 2584.207505
26.112100 2607.814720
26.214400 2631.573775
26.316900 2655.485289
26.419600 2679.549884
26.522500 2703.768182
26.625600 2728.140806
26.728900 2752.668381
26.832400 2777.351533
26.936100 2802.190890
27.040000 2827.187080
27.144100 2852.340732
27.248400 2877.652478
27.352900 2903.122949
27.457600 2928.752779
27.562500 2954.542602
27.667600 2980.493053
27.772900 3006.604771
27.878400 3032.878392
27.984100 3059.314557
28.090000 3085.913905
28.196100 3112.677079
28.302400 3139.604721
28.408900 3166.697476
28.515600 3193.955989
28.622500 3221.380907
28.729600 3248.972877
28.836900 3276.732548
28.944400 3304.660571
29.052100 3332.757598
29.160000 3361.024280
29.268100 3389.461272
29.376400 3418.069229
29.484900 3446.848806
29.593600 3475.800663
29.702500 3504.925457
29.811600 3534.223848
29.920900 3563.696497
30.030400 3593.344067
30.140100 3623.167221
30.250000 3653.166625
30.360100 3683.342944
30.470400 3713.696845
30.580900 3744.228996
30.691600 3774.940068
30.802500 3805.830732
30.913600 3836.901658
31.024900 3868.153521
31.136400 3899.586995
31.248100 3931.202756
31.360000 3963.001480
31.472100 3994.983846
31.584400 4027.150533
31.696900 4059.502222
31.809600 4092.039593
31.922500 4124.763332
32.035600 4157.674120
32.148900 4190.772645
32.262400 4224.059591
32.376100 4257.535649
32.490000 4291.201505
32.604100 4325.057851
32.718400 4359.105378
32.832900 4393.344778
32.947600 4427.776746
33.062500 4462.401977
33.177600 4497.221166
33.292900 4532.235012
33.408400 4567.444212
33.524100 4602.849468
33.640000 4638.451480
33.756100 4674.250950
33.872400 4710.248583
33.988900 4746.445082
34.105600 4782.841154
34.222500 4819.437507
34.339600 4856.234847
34.456900 4893.233886
34.574400 4930.435334
34.692100 4967.839902
34.810000 5005.448305
34.928100 5043.261257
35.046400 5081.279472
35.164900 5119.503670
35.283600 5157.934566
35.402500 5196.572882
35.521600 5235.419336
35.640900 5274.474652
35.760400 5313.739551
35.880100 5353.214759
36.000000 5392.901000
36.120100 5432.799001
36.240400 5472.909490
36.360900 5513.233196
36.481600 5553.770850
36.602500 5594.523182
36.723600 5635.490925
36.844900 5676.674813
36.966400 5718.075581
37.088100 5759.693966
37.210000 5801.530705
37.332100 5843.586537
37.454400 5885.862201
37.576900 5928.358439
37.699600 5971.075993
37.822500 6014.015607
37.945600 6057.178025
38.068900 6100.563993
38.192400 6144.174260
38.316100 6188.009572
38.440000 6232.070680
38.564100 6276.358334
38.688400 6320.873288
38.812900 6365.616292
38.937600 6410.588103
39.062500 6455.789477
39.187600 6501.221168
39.312900 6546.883937
39.438400 6592.778543
39.564100 6638.905744
39.690000 6685.266305
39.816100 6731.860987
39.942400 6778.690555
40.068900 6825.755773
40.195600 6873.057410
40.322500 6920.596232
40.449600 6968.373008
40.576900 7016.388509
40.704400 7064.643506
40.832100 7113.138772
40.960000 7161.875080
41.088100 7210.853206
41.216400 7260.073926
41.344900 7309.538018
41.473600 7359.246260
41.602500 7409.199432
41.731600 7459.398315
41.860900 7509.843691
41.990400 7560.536345
42.120100 7611.477061
42.250000 7662.666625
42.380100 7714.105824
42.510400 7765.795446
42.640900 7817.736282
42.771600 7869.929121
42.902500 7922.374757
43.033600 7975.073981
43.164900 8028.027590
43.296400 8081.236377
43.428100 8134.701142
43.560000 8188.422680
43.692100 8242.401792
43.824400 8296.639279
43.956900 8351.135941
44.089600 8405.892582
44.222500 8460.910007
44.355600 8516.189019
44.488900 8571.730427
44.622400 8627.535038
44.756100 8683.603660
44.890000 8739.937105
45.024100 8796.536183
45.158400 8853.401707
45.292900 8910.534492
45.427600 8967.935351
45.562500 9025.605102
45.697600 9083.544561
45.832900 9141.754548
45.968400 9200.235883
46.104100 9258.989386
46.240000 9318.015880
46.376100 9377.316189
46.512400 9436.891136
46.648900 9496.741550
46.785600 9556.868255
46.922500 9617.272082
47.059600 9677.953858
47.196900 9738.914417
47.334400 9800.154588
47.472100 9861.675206
47.610000 9923.477105
47.748100 9985.561121
47.886400 10047.928090
48.024900 10110.578851
48.163600 10173.514243
48.302500 10236.735107
48.441600 10300.242283
48.580900 10364.036616
48.720400 10428.118950
48.860100 10492.490129
49.000000 10557.151000
49.140100 10622.102411
49.280400 10687.345212
49.420900 10752.880252
49.561600 10818.708383
49.702500 10884.830457
49.843600 10951.247328
49.984900 11017.959851
50.126400 11084.968884
50.268100 11152.275282
50.410000 11219.879905
