0.012100 0.511953
0.014400 0.511823
0.016900 0.511682
0.019600 0.511530
0.022500 0.511366
0.025600 0.511191
0.028900 0.511005
0.032400 0.510807
0.036100 0.510599
0.040000 0.510379
0.044100 0.510147
0.048400 0.509905
0.052900 0.509651
0.057600 0.509386
0.062500 0.509110
0.067600 0.508823
0.072900 0.508524
0.078400 0.508214
0.084100 0.507893
0.090000 0.507561
0.096100 0.507218
0.102400 0.506863
0.108900 0.506498
0.115600 0.506121
0.122500 0.505733
0.129600 0.505334
0.136900 0.504923
0.144400 0.504502
0.152100 0.504069
0.160000 0.503626
0.168100 0.503171
0.176400 0.502705
0.184900 0.502228
0.193600 0.501740
0.202500 0.501242
0.211600 0.500732
0.220900 0.500210
0.230400 0.499678
0.240100 0.499135
0.250000 0.498581
0.260100 0.498016
0.270400 0.497440
0.280900 0.496854
0.291600 0.496256
0.302500 0.495647
0.313600 0.495027
0.324900 0.494397
0.336400 0.493755
0.348100 0.493103
0.360000 0.492440
0.372100 0.491766
0.384400 0.491081
0.396900 0.490385
0.409600 0.489679
0.422500 0.488962
0.435600 0.488234
0.448900 0.487495
0.462400 0.486746
0.476100 0.485986
0.490000 0.485215
0.504100 0.484433
0.518400 0.483641
0.532900 0.482839
0.547600 0.482025
0.562500 0.481201
0.577600 0.480367
0.592900 0.479522
0.608400 0.478666
0.624100 0.477800
0.640000 0.476924
0.656100 0.476037
0.672400 0.475139
0.688900 0.474231
0.705600 0.473313
0.722500 0.472384
0.739600 0.471445
0.756900 0.470496
0.774400 0.469536
0.792100 0.468566
0.810000 0.467585
0.828100 0.466595
0.846400 0.465594
0.864900 0.464583
0.883600 0.463562
0.902500 0.462530
0.921600 0.461489
0.940900 0.460437
0.960400 0.459376
0.980100 0.458304
1.000000 0.457222
1.020100 0.456130
1.040400 0.455028
1.060900 0.453917
1.081600 0.452795
1.102500 0.451663
1.123600 0.450522
1.144900 0.449371
1.166400 0.448210
1.188100 0.447039
1.210000 0.445858
1.232100 0.444668
1.254400 0.443467
1.276900 0.442258
1.299600 0.441038
1.322500 0.439809
1.345600 0.438570
1.368900 0.437322
1.392400 0.436064
1.416100 0.434797
1.440000 0.433520
1.464100 0.432234
1.488400 0.430939
1.512900 0.429634
1.537600 0.428319
1.562500 0.426996
1.587600 0.425663
1.612900 0.424321
1.638400 0.422969
1.664100 0.421609
1.690000 0.420239
1.716100 0.418860
1.742400 0.417472
1.768900 0.416075
1.795600 0.414669
1.822500 0.413254
1.849600 0.411830
1.876900 0.410398
1.904400 0.408956
1.932100 0.407505
1.960000 0.406046
1.988100 0.404578
2.016400 0.403101
2.044900 0.401615
2.073600 0.400121
2.102500 0.398618
2.131600 0.397107
2.160900 0.395587
2.190400 0.394058
2.220100 0.392521
2.250000 0.390976
2.280100 0.389422
2.310400 0.387860
2.340900 0.386289
2.371600 0.384711
2.402500 0.383124
2.433600 0.381529
2.464900 0.379925
2.496400 0.378314
2.528100 0.376694
2.560000 0.375067
2.592100 0.373431
2.624400 0.371787
2.656900 0.370136
2.689600 0.368477
2.722500 0.366809
2.755600 0.365134
2.788900 0.363452
2.822400 0.361761
2.856100 0.360063
2.890000 0.358358
2.924100 0.356644
2.958400 0.354924
2.992900 0.353195
3.027600 0.351460
3.062500 0.349717
3.097600 0.347966
3.132900 0.346208
3.168400 0.344443
3.204100 0.342671
3.240000 0.340892
3.276100 0.339105
3.312400 0.337312
3.348900 0.335511
3.385600 0.333703
3.422500 0.331889
3.459600 0.330068
3.496900 0.328239
3.534400 0.326404
3.572100 0.324562
3.610000 0.322714
3.648100 0.320859
3.686400 0.318997
3.724900 0.317129
3.763600 0.315254
3.802500 0.313373
3.841600 0.311485
3.880900 0.309592
3.920400 0.307691
3.960100 0.305785
4.000000 0.303872
4.040100 0.301953
4.080400 0.300029
4.120900 0.298098
4.161600 0.296161
4.202500 0.294218
4.243600 0.292269
4.284900 0.290315
4.326400 0.288354
4.368100 0.286388
4.410000 0.284417
4.452100 0.282439
4.494400 0.280456
4.536900 0.278468
4.579600 0.276474
4.622500 0.274475
4.665600 0.272470
4.708900 0.270461
4.752400 0.268446
4.796100 0.266425
4.840000 0.264400
4.884100 0.262370
4.928400 0.260334
4.972900 0.258294
5.017600 0.256249
5.062500 0.254199
5.107600 0.252144
5.152900 0.250084
5.198400 0.248020
5.244100 0.245951
5.290000 0.243878
5.336100 0.241800
5.382400 0.239718
5.428900 0.237631
5.475600 0.235540
5.522500 0.233445
5.569600 0.231346
5.616900 0.229243
5.664400 0.227135
5.712100 0.225024
5.760000 0.222908
5.808100 0.220789
5.856400 0.218666
5.904900 0.216539
5.953600 0.214409
6.002500 0.212275
6.051600 0.210137
6.100900 0.207996
6.150400 0.205851
6.200100 0.203703
6.250000 0.201552
6.300100 0.199397
6.350400 0.197240
6.400900 0.195079
6.451600 0.192915
6.502500 0.190748
6.553600 0.188578
6.604900 0.186406
6.656400 0.184230
6.708100 0.182052
6.760000 0.179872
6.812100 0.177688
6.864400 0.175502
6.916900 0.173314
6.969600 0.171123
7.022500 0.168930
7.075600 0.166735
7.128900 0.164538
7.182400 0.162338
7.236100 0.160137
7.290000 0.157933
7.344100 0.155728
7.398400 0.153521
7.452900 0.151312
7.507600 0.149101
7.562500 0.146889
7.617600 0.144675
7.672900 0.142460
7.728400 0.140243
7.784100 0.138025
7.840000 0.135806
7.896100 0.133585
7.952400 0.131363
8.008900 0.129141
8.065600 0.126917
8.122500 0.124693
8.179600 0.122467
8.236900 0.120241
8.294400 0.118014
8.352100 0.115787
8.410000 0.113559
8.468100 0.111331
8.526400 0.109102
8.584900 0.106873
8.643600 0.104643
8.702500 0.102414
8.761600 0.100184
8.820900 0.097955
8.880400 0.095726
8.940100 0.093496
9.000000 0.091267
9.060100 0.089038
9.120400 0.086810
9.180900 0.084582
9.241600 0.082355
9.302500 0.080128
9.363600 0.077902
9.424900 0.075677
9.486400 0.073452
9.548100 0.071229
9.610000 0.069006
9.672100 0.066785
9.734400 0.064565
9.796900 0.062346
9.859600 0.060128
9.922500 0.057912
9.985600 0.055697
10.048900 0.053484
10.112400 0.051272
10.176100 0.049063
10.240000 0.046855
10.304100 0.044649
10.368400 0.042445
10.432900 0.040243
10.497600 0.038043
10.562500 0.035845
10.627600 0.033650
10.692900 0.031457
10.758400 0.029267
10.824100 0.027079
10.890000 0.024894
10.956100 0.022712
11.022400 0.020532
11.088900 0.018355
11.155600 0.016182
11.222500 0.014011
11.289600 0.011844
11.356900 0.009680
11.424400 0.007519
11.492100 0.005362
11.560000 0.003208
11.628100 0.001058
11.696400 -0.001089
11.764900 -0.003232
11.833600 -0.005371
11.902500 -0.007505
11.971600 -0.009636
12.040900 -0.011763
12.110400 -0.013886
12.180100 -0.016004
12.250000 -0.018117
12.320100 -0.020227
12.390400 -0.022331
12.460900 -0.024431
12.531600 -0.026527
12.602500 -0.028617
12.673600 -0.030703
12.744900 -0.032783
12.816400 -0.034858
12.888100 -0.036928
12.960000 -0.038993
13.032100 -0.041052
13.104400 -0.043106
13.176900 -0.045154
13.249600 -0.047197
13.322500 -0.049233
13.395600 -0.051264
13.468900 -0.053289
13.542400 -0.055308
13.616100 -0.057321
13.690000 -0.059327
13.764100 -0.061327
13.838400 -0.063320
13.912900 -0.065308
13.987600 -0.067288
14.062500 -0.069262
14.137600 -0.071228
14.212900 -0.073188
14.288400 -0.075141
14.364100 -0.077087
14.440000 -0.079025
14.516100 -0.080957
14.592400 -0.082880
14.668900 -0.084797
14.745600 -0.086705
14.822500 -0.088606
14.899600 -0.090499
14.976900 -0.092384
15.054400 -0.094262
15.132100 -0.096131
15.210000 -0.097992
15.288100 -0.099844
15.366400 -0.101688
15.444900 -0.103524
15.523600 -0.105351
15.602500 -0.107169
15.681600 -0.108979
15.760900 -0.110779
15.840400 -0.112571
15.920100 -0.114353
16.000000 -0.116126
16.080100 -0.117890
16.160400 -0.119644
16.240900 -0.121389
16.321600 -0.123125
16.402500 -0.124850
16.483600 -0.126566
16.564900 -0.128271
16.646400 -0.129967
16.728100 -0.131652
16.810000 -0.133328
16.892100 -0.134992
16.974400 -0.136647
17.056900 -0.138290
17.139600 -0.139923
17.222500 -0.141546
17.305600 -0.143157
17.388900 -0.144757
17.472400 -0.146346
17.556100 -0.147924
17.640000 -0.149491
17.724100 -0.151046
17.808400 -0.152590
17.892900 -0.154122
17.977600 -0.155642
18.062500 -0.157150
18.147600 -0.158647
18.232900 -0.160131
18.318400 -0.161603
18.404100 -0.163062
18.490000 -0.164510
18.576100 -0.165944
18.662400 -0.167366
18.748900 -0.168776
18.835600 -0.170172
18.922500 -0.171556
19.009600 -0.172926
19.096900 -0.174283
19.184400 -0.175627
19.272100 -0.176957
19.360000 -0.178274
19.448100 -0.179577
19.536400 -0.180866
19.624900 -0.182142
19.713600 -0.183403
19.802500 -0.184651
19.891600 -0.185884
19.980900 -0.187103
20.070400 -0.188307
20.160100 -0.189497
20.250000 -0.190672
20.340100 -0.191832
20.430400 -0.192977
20.520900 -0.194107
20.611600 -0.195222
20.702500 -0.196322
20.793600 -0.197407
20.884900 -0.198475
20.976400 -0.199529
21.068100 -0.200566
21.160000 -0.201588
21.252100 -0.202594
21.344400 -0.203583
21.436900 -0.204556
21.529600 -0.205513
21.622500 -0.206454
21.715600 -0.207378
21.808900 -0.208285
21.902400 -0.209176
21.996100 -0.210049
22.090000 -0.210905
22.184100 -0.211745
22.278400 -0.212567
22.372900 -0.213371
22.467600 -0.214158
22.562500 -0.214927
22.657600 -0.215679
22.752900 -0.216413
22.848400 -0.217128
22.944100 -0.217825
23.040000 -0.218505
23.136100 -0.219165
23.232400 -0.219807
23.328900 -0.220431
23.425600 -0.221036
23.522500 -0.221621
23.619600 -0.222188
23.716900 -0.222736
23.814400 -0.223264
23.912100 -0.223773
24.010000 -0.224262
24.108100 -0.224732
24.206400 -0.225182
24.304900 -0.225612
24.403600 -0.226022
24.502500 -0.226412
24.601600 -0.226782
24.700900 -0.227131
24.800400 -0.227459
24.900100 -0.227767
25.000000 -0.228054
25.100100 -0.228320
25.200400 -0.228566
25.300900 -0.228789
25.401600 -0.228992
25.502500 -0.229173
25.603600 -0.229333
25.704900 -0.229470
25.806400 -0.229586
25.908100 -0.229680
26.010000 -0.229752
26.112100 -0.229802
26.214400 -0.229829
26.316900 -0.229834
26.419600 -0.229816
26.522500 -0.229776
26.625600 -0.229712
26.728900 -0.229626
26.832400 -0.229516
26.936100 -0.229383
27.040000 -0.229226
27.144100 -0.229046
27.248400 -0.228843
27.352900 -0.228615
27.457600 -0.228364
27.562500 -0.228088
27.667600 -0.227788
27.772900 -0.227464
27.878400 -0.227115
27.984100 -0.226742
28.090000 -0.226344
28.196100 -0.225920
28.302400 -0.225472
28.408900 -0.224999
28.515600 -0.224500
28.622500 -0.223976
28.729600 -0.223426
28.836900 -0.222851
28.944400 -0.222250
29.052100 -0.221622
29.160000 -0.220969
29.268100 -0.220289
29.376400 -0.219582
29.484900 -0.218850
29.593600 -0.218090
29.702500 -0.217304
29.811600 -0.216490
29.920900 -0.215649
30.030400 -0.214782
30.140100 -0.213886
30.250000 -0.212963
30.360100 -0.212013
30.470400 -0.211034
30.580900 -0.210028
30.691600 -0.208994
30.802500 -0.207931
30.913600 -0.206840
31.024900 -0.205720
31.136400 -0.204571
31.248100 -0.203394
31.360000 -0.202188
31.472100 -0.200952
31.584400 -0.199687
31.696900 -0.198393
31.809600 -0.197070
31.922500 -0.195716
32.035600 -0.194333
32.148900 -0.192919
32.262400 -0.191476
32.376100 -0.190002
32.490000 -0.188498
32.604100 -0.186963
32.718400 -0.185398
32.832900 -0.183801
32.947600 -0.182174
33.062500 -0.180515
33.177600 -0.178825
33.292900 -0.177104
33.408400 -0.175351
33.524100 -0.173566
33.640000 -0.171749
33.756100 -0.169900
33.872400 -0.168019
33.988900 -0.166105
34.105600 -0.164159
34.222500 -0.162181
34.339600 -0.160169
34.456900 -0.158125
34.574400 -0.156047
34.692100 -0.153936
34.810000 -0.151792
34.928100 -0.149614
35.046400 -0.147402
35.164900 -0.145157
35.283600 -0.142877
35.402500 -0.140564
35.521600 -0.138216
35.640900 -0.135833
35.760400 -0.133416
35.880100 -0.130964
36.000000 -0.128477
36.120100 -0.125954
36.240400 -0.123397
36.360900 -0.120804
36.481600 -0.118176
36.602500 -0.115511
36.723600 -0.112811
36.844900 -0.110075
36.966400 -0.107303
37.088100 -0.104494
37.210000 -0.101649
37.332100 -0.098767
37.454400 -0.095848
37.576900 -0.092893
37.699600 -0.089900
37.822500 -0.086870
37.945600 -0.083802
38.068900 -0.080697
38.192400 -0.077553
38.316100 -0.074372
38.440000 -0.071153
38.564100 -0.067896
38.688400 -0.064600
38.812900 -0.061266
38.937600 -0.057893
39.062500 -0.054481
39.187600 -0.051029
39.312900 -0.047539
39.438400 -0.044009
39.564100 -0.040440
39.690000 -0.036831
39.816100 -0.033182
39.942400 -0.029493
40.068900 -0.025764
40.195600 -0.021995
40.322500 -0.018185
40.449600 -0.014334
40.576900 -0.010442
40.704400 -0.006510
40.832100 -0.002536
40.960000 0.001479
41.088100 0.005536
41.216400 0.009634
41.344900 0.013774
41.473600 0.017956
41.602500 0.022181
41.731600 0.026447
41.860900 0.030756
41.990400 0.035108
42.120100 0.039503
42.250000 0.043941
42.380100 0.048422
42.510400 0.052946
42.640900 0.057514
42.771600 0.062125
42.902500 0.066780
43.033600 0.071480
43.164900 0.076223
43.296400 0.081011
43.428100 0.085843
43.560000 0.090720
43.692100 0.095642
43.824400 0.100609
43.956900 0.105621
44.089600 0.110679
44.222500 0.115782
44.355600 0.120931
44.488900 0.126126
44.622400 0.131366
44.756100 0.136653
44.890000 0.141987
45.024100 0.147367
45.158400 0.152793
45.292900 0.158267
45.427600 0.163788
45.562500 0.169356
45.697600 0.174971
45.832900 0.180635
45.968400 0.186345
46.104100 0.192104
46.240000 0.197911
46.376100 0.203767
46.512400 0.209671
46.648900 0.215623
46.785600 0.221624
46.922500 0.227675
47.059600 0.233774
47.196900 0.239923
47.334400 0.246122
47.472100 0.252370
47.610000 0.258668
47.748100 0.265017
47.886400 0.271415
48.024900 0.277864
48.163600 0.284364
48.302500 0.290914
48.441600 0.297515
48.580900 0.304168
48.720400 0.310872
48.860100 0.317627
49.000000 0.324434
49.140100 0.331293
49.280400 0.338204
49.420900 0.345168
49.561600 0.352183
49.702500 0.359252
49.843600 0.366373
49.984900 0.373547
50.126400 0.380774
50.268100 0.388054
50.410000 0.395388
