1.000000e+00 3.273870e-08
1.250000e+00 8.772445e-09
1.500000e+00 3.123207e-09
1.750000e+00 9.986390e-10
2.000000e+00 3.549486e-10
2.250000e+00 1.681910e-10
2.500000e+00 6.900947e-11
2.750000e+00 3.162872e-11
3.000000e+00 1.604311e-11
3.250000e+00 1.095197e-11
3.500000e+00 6.293309e-12
3.750000e+00 3.051240e-12
4.000000e+00 1.706098e-12
4.250000e+00 9.615935e-13
4.500000e+00 8.285793e-13
4.750000e+00 5.800785e-13
5.000000e+00 4.468048e-13
5.250000e+00 3.534659e-13
5.500000e+00 2.513568e-13
5.750000e+00 1.598444e-13
6.000000e+00 1.134185e-13
6.250000e+00 7.498200e-14
6.500000e+00 4.617163e-14
6.750000e+00 3.332629e-14
7.000000e+00 1.830476e-14
7.250000e+00 1.489739e-14
7.500000e+00 9.950653e-15
7.750000e+00 5.929632e-15
