1.000000e+00 3.273870e-08
1.250000e+00 2.288553e-09
1.500000e+00 1.681910e-10
1.750000e+00 1.447176e-11
2.000000e+00 1.706098e-12
2.250000e+00 3.842794e-13
2.500000e+00 7.498200e-14
2.750000e+00 8.510439e-15
3.000000e+00 3.041456e-16
3.250000e+00 3.935743e-36
3.500000e+00 3.935743e-36
3.750000e+00 3.935743e-36
4.000000e+00 3.935743e-36
4.250000e+00 3.935743e-36
4.500000e+00 3.935743e-36
4.750000e+00 3.935743e-36
5.000000e+00 3.935743e-36
5.250000e+00 3.935743e-36
5.500000e+00 3.935743e-36
5.750000e+00 3.935743e-36
6.000000e+00 3.935743e-36
6.250000e+00 3.935743e-36
6.500000e+00 3.935743e-36
6.750000e+00 3.935743e-36
7.000000e+00 3.935743e-36
7.250000e+00 3.935743e-36
7.500000e+00 3.935743e-36
7.750000e+00 3.935743e-36
