1.000000e+00 2.710334e-06
1.250000e+00 1.968684e-07
1.500000e+00 2.317981e-08
1.750000e+00 3.087750e-09
2.000000e+00 4.553443e-10
2.250000e+00 6.358062e-11
2.500000e+00 8.512597e-12
2.750000e+00 6.030033e-13
3.000000e+00 2.203710e-14
3.250000e+00 2.687914e-18
3.500000e+00 2.466484e-33
3.750000e+00 2.466484e-33
4.000000e+00 2.466484e-33
4.250000e+00 2.466484e-33
4.500000e+00 2.466484e-33
4.750000e+00 2.466484e-33
5.000000e+00 2.466484e-33
5.250000e+00 2.466484e-33
5.500000e+00 2.466484e-33
5.750000e+00 2.466484e-33
6.000000e+00 2.466484e-33
6.250000e+00 2.466484e-33
6.500000e+00 2.466484e-33
6.750000e+00 2.466484e-33
7.000000e+00 2.466484e-33
7.250000e+00 2.466484e-33
7.500000e+00 2.466484e-33
7.750000e+00 2.466484e-33
