1.000000e+00 1.936799e-05
1.250000e+00 1.227561e-06
1.500000e+00 1.430118e-07
1.750000e+00 1.547620e-08
2.000000e+00 2.155236e-09
2.250000e+00 3.455008e-10
2.500000e+00 5.187197e-11
2.750000e+00 3.731363e-12
3.000000e+00 1.166817e-13
3.250000e+00 9.676441e-16
3.500000e+00 4.394789e-32
3.750000e+00 4.394789e-32
4.000000e+00 4.394789e-32
4.250000e+00 4.394789e-32
4.500000e+00 4.394789e-32
4.750000e+00 4.394789e-32
5.000000e+00 4.394789e-32
5.250000e+00 4.394789e-32
5.500000e+00 4.394789e-32
5.750000e+00 4.394789e-32
6.000000e+00 4.394789e-32
6.250000e+00 4.394789e-32
6.500000e+00 4.394789e-32
6.750000e+00 4.394789e-32
7.000000e+00 4.394789e-32
7.250000e+00 4.394789e-32
7.500000e+00 4.394789e-32
7.750000e+00 4.394789e-32
