1.000000e+00 7.769416e-04
1.250000e+00 7.624118e-05
1.500000e+00 1.275370e-05
1.750000e+00 1.721992e-06
2.000000e+00 3.670511e-07
2.250000e+00 7.844189e-08
2.500000e+00 1.327279e-08
2.750000e+00 5.392829e-10
3.000000e+00 6.933219e-12
3.250000e+00 1.473598e-14
3.500000e+00 1.397210e-29
3.750000e+00 1.397210e-29
4.000000e+00 1.397210e-29
4.250000e+00 1.397210e-29
4.500000e+00 1.397210e-29
4.750000e+00 1.397210e-29
5.000000e+00 1.397210e-29
5.250000e+00 1.397210e-29
5.500000e+00 1.397210e-29
5.750000e+00 1.397210e-29
6.000000e+00 1.397210e-29
6.250000e+00 1.397210e-29
6.500000e+00 1.397210e-29
6.750000e+00 1.397210e-29
7.000000e+00 1.397210e-29
7.250000e+00 1.397210e-29
7.500000e+00 1.397210e-29
7.750000e+00 1.397210e-29
