1.000000e+00 3.920089e-03
1.250000e+00 4.654216e-04
1.500000e+00 9.214159e-05
1.750000e+00 1.376365e-05
2.000000e+00 3.116488e-06
2.250000e+00 6.991732e-07
2.500000e+00 1.200550e-07
2.750000e+00 4.666994e-09
3.000000e+00 4.801800e-11
3.250000e+00 7.318316e-14
3.500000e+00 2.190574e-28
3.750000e+00 2.190574e-28
4.000000e+00 2.190574e-28
4.250000e+00 2.190574e-28
4.500000e+00 2.190574e-28
4.750000e+00 2.190574e-28
5.000000e+00 2.190574e-28
5.250000e+00 2.190574e-28
5.500000e+00 2.190574e-28
5.750000e+00 2.190574e-28
6.000000e+00 2.190574e-28
6.250000e+00 2.190574e-28
6.500000e+00 2.190574e-28
6.750000e+00 2.190574e-28
7.000000e+00 2.190574e-28
7.250000e+00 2.190574e-28
7.500000e+00 2.190574e-28
7.750000e+00 2.190574e-28
