0.000000e+00 -2.398099e-08
1.000000e+01 -1.432284e-01
2.000000e+01 5.267125e+00
3.000000e+01 5.262499e+00
4.000000e+01 5.107281e+00
5.000000e+01 5.003816e+00
6.000000e+01 4.941266e+00
7.000000e+01 4.899847e+00
8.000000e+01 4.870352e+00
9.000000e+01 4.848244e+00
1.000000e+02 4.831035e+00
1.100000e+02 4.817246e+00
1.200000e+02 4.805943e+00
1.300000e+02 4.796503e+00
1.400000e+02 4.788497e+00
1.500000e+02 4.781619e+00
1.600000e+02 4.775644e+00
1.700000e+02 4.770405e+00
1.800000e+02 4.765772e+00
1.900000e+02 4.761645e+00
2.000000e+02 4.757945e+00
2.100000e+02 4.754609e+00
2.200000e+02 4.751585e+00
2.300000e+02 4.748831e+00
2.400000e+02 4.746313e+00
2.500000e+02 4.744000e+00
2.600000e+02 4.741870e+00
2.700000e+02 4.739900e+00
2.800000e+02 4.738074e+00
2.900000e+02 4.736376e+00
3.000000e+02 4.734793e+00
3.100000e+02 4.733314e+00
3.200000e+02 4.731928e+00
3.300000e+02 4.730628e+00
3.400000e+02 4.729405e+00
3.500000e+02 4.728253e+00
3.600000e+02 4.727166e+00
3.700000e+02 4.726138e+00
3.800000e+02 4.725165e+00
3.900000e+02 4.724242e+00
4.000000e+02 4.723366e+00
4.100000e+02 4.722532e+00
4.200000e+02 4.721739e+00
4.300000e+02 4.720983e+00
4.400000e+02 4.720262e+00
4.500000e+02 4.719573e+00
4.600000e+02 4.718914e+00
4.700000e+02 4.718283e+00
4.800000e+02 4.717679e+00
4.900000e+02 4.717100e+00
5.000000e+02 4.716544e+00
5.100000e+02 4.716009e+00
5.200000e+02 4.715496e+00
5.300000e+02 4.715002e+00
5.400000e+02 4.714526e+00
5.500000e+02 4.714068e+00
5.600000e+02 4.713626e+00
5.700000e+02 4.713200e+00
5.800000e+02 4.712788e+00
5.900000e+02 4.712390e+00
6.000000e+02 4.712006e+00
6.100000e+02 4.711634e+00
6.200000e+02 4.711275e+00
6.300000e+02 4.710927e+00
6.400000e+02 4.710589e+00
6.500000e+02 4.710263e+00
6.600000e+02 4.709946e+00
6.700000e+02 4.709638e+00
6.800000e+02 4.709340e+00
6.900000e+02 4.709050e+00
7.000000e+02 4.708769e+00
7.100000e+02 4.708495e+00
7.200000e+02 4.708229e+00
7.300000e+02 4.707971e+00
7.400000e+02 4.707719e+00
7.500000e+02 4.707474e+00
7.600000e+02 4.707236e+00
7.700000e+02 4.707004e+00
7.800000e+02 4.706777e+00
7.900000e+02 4.706557e+00
8.000000e+02 4.706342e+00
8.100000e+02 4.706132e+00
8.200000e+02 4.705927e+00
8.300000e+02 4.705728e+00
8.400000e+02 4.705533e+00
8.500000e+02 4.705343e+00
8.600000e+02 4.705157e+00
8.700000e+02 4.704975e+00
8.800000e+02 4.704798e+00
8.900000e+02 4.704624e+00
9.000000e+02 4.704455e+00
9.100000e+02 4.704289e+00
9.200000e+02 4.704126e+00
9.300000e+02 4.703968e+00
9.400000e+02 4.703812e+00
9.500000e+02 4.703660e+00
9.600000e+02 4.703511e+00
9.700000e+02 4.703365e+00
9.800000e+02 4.703222e+00
9.900000e+02 4.703082e+00
1.000000e+03 4.702945e+00
