0.000000e+00 -2.724788e-15
1.000000e+01 2.567169e-01
2.000000e+01 7.866450e-01
3.000000e+01 5.731232e-01
4.000000e+01 1.149385e+00
5.000000e+01 1.215109e+00
6.000000e+01 1.437660e+00
7.000000e+01 1.410934e+00
8.000000e+01 1.405481e+00
9.000000e+01 1.404995e+00
1.000000e+02 1.451364e+00
1.100000e+02 1.451092e+00
1.200000e+02 1.451000e+00
1.300000e+02 1.451104e+00
1.400000e+02 1.451152e+00
1.500000e+02 1.451894e+00
1.600000e+02 1.452564e+00
1.700000e+02 1.453095e+00
1.800000e+02 1.453531e+00
1.900000e+02 1.453885e+00
2.000000e+02 1.454202e+00
2.100000e+02 1.454518e+00
2.200000e+02 1.454883e+00
2.300000e+02 1.455522e+00
2.400000e+02 1.457182e+00
2.500000e+02 1.458621e+00
2.600000e+02 1.459543e+00
2.700000e+02 1.459862e+00
2.800000e+02 1.459745e+00
2.900000e+02 1.459365e+00
3.000000e+02 1.458995e+00
3.100000e+02 1.458732e+00
3.200000e+02 1.458436e+00
3.300000e+02 1.458177e+00
3.400000e+02 1.458050e+00
3.500000e+02 1.458081e+00
3.600000e+02 1.457217e+00
3.700000e+02 1.456004e+00
3.800000e+02 1.454910e+00
3.900000e+02 1.456873e+00
4.000000e+02 1.473572e+00
4.100000e+02 1.499153e+00
4.200000e+02 1.515896e+00
4.300000e+02 1.530607e+00
4.400000e+02 1.581510e+00
4.500000e+02 1.456153e+00
4.600000e+02 1.450864e+00
4.700000e+02 1.450247e+00
4.800000e+02 1.451109e+00
4.900000e+02 1.452705e+00
5.000000e+02 1.454666e+00
5.100000e+02 1.456673e+00
5.200000e+02 1.458609e+00
5.300000e+02 1.460211e+00
5.400000e+02 1.461546e+00
5.500000e+02 1.462865e+00
5.600000e+02 1.464234e+00
5.700000e+02 1.465460e+00
5.800000e+02 1.466709e+00
5.900000e+02 1.468147e+00
6.000000e+02 1.469952e+00
6.100000e+02 1.472102e+00
6.200000e+02 1.474207e+00
6.300000e+02 1.475951e+00
6.400000e+02 1.477667e+00
6.500000e+02 1.479609e+00
6.600000e+02 1.481541e+00
6.700000e+02 1.483104e+00
6.800000e+02 1.484101e+00
6.900000e+02 1.484563e+00
7.000000e+02 1.484568e+00
7.100000e+02 1.484132e+00
7.200000e+02 1.483534e+00
7.300000e+02 1.482103e+00
7.400000e+02 1.480264e+00
7.500000e+02 1.478358e+00
7.600000e+02 1.476950e+00
7.700000e+02 1.475571e+00
7.800000e+02 1.474024e+00
7.900000e+02 1.471464e+00
8.000000e+02 1.467928e+00
8.100000e+02 1.634247e+00
8.200000e+02 1.587798e+00
8.300000e+02 1.570738e+00
8.400000e+02 1.563105e+00
8.500000e+02 1.558378e+00
8.600000e+02 1.555013e+00
8.700000e+02 1.552590e+00
8.800000e+02 1.550875e+00
8.900000e+02 1.549025e+00
9.000000e+02 1.544330e+00
9.100000e+02 1.538883e+00
9.200000e+02 1.532573e+00
9.300000e+02 1.526084e+00
9.400000e+02 1.521234e+00
9.500000e+02 1.525470e+00
9.600000e+02 1.552030e+00
9.700000e+02 1.590014e+00
9.800000e+02 1.617645e+00
9.900000e+02 1.634722e+00
1.000000e+03 1.645442e+00
