2.280000e-01 2.905524e-03
8.430000e-01 3.942989e-03
1.115000e+00 -8.068510e-03
1.260000e+00 -5.244720e-03
1.263000e+00 -8.983295e-04
1.461000e+00 -1.588309e-03
1.605000e+00 -1.220052e-03
2.110000e+00 -1.345603e-03
2.367000e+00 -7.521956e-03
3.023000e+00 -5.556652e-03
3.164000e+00 -1.144190e-02
3.635000e+00 -8.434274e-03
3.756000e+00 -8.263394e-03
4.001000e+00 -1.908148e-02
4.192000e+00 -4.296791e-02
4.342000e+00 -6.993578e-02
4.474000e+00 -1.206287e-01
4.528000e+00 -1.361224e-01
4.559000e+00 -1.755635e-01
4.703000e+00 -2.376334e-01
4.841000e+00 -3.043917e-01
4.901000e+00 -3.354356e-01
4.931000e+00 -4.201677e-01
4.935000e+00 -5.430924e-01
5.019000e+00 -6.165445e-01
5.036000e+00 -6.733197e-01
5.041000e+00 -6.781433e-01
5.049000e+00 -6.720614e-01
5.213000e+00 -7.201681e-01
5.214000e+00 -7.027057e-01
5.260000e+00 -7.333150e-01
5.311000e+00 -8.657984e-01
5.372000e+00 -8.918243e-01
5.433000e+00 -9.534668e-01
5.437000e+00 -9.350532e-01
5.608000e+00 -9.198001e-01
5.640000e+00 -9.874756e-01
5.807000e+00 -9.678025e-01
5.843000e+00 -9.164541e-01
5.921000e+00 -9.441364e-01
6.237000e+00 -7.332344e-01
6.245000e+00 -7.412819e-01
6.263000e+00 -8.479072e-01
6.329000e+00 -8.806466e-01
6.332000e+00 -9.161514e-01
6.427000e+00 -9.721136e-01
6.661000e+00 -8.732260e-01
6.737000e+00 -8.381097e-01
6.811000e+00 -8.698022e-01
6.906000e+00 -8.847717e-01
6.908000e+00 -8.170843e-01
7.091000e+00 -1.016072e+00
7.122000e+00 -8.105409e-01
7.527000e+00 -8.519137e-01
7.604000e+00 -8.533355e-01
7.783000e+00 -9.579333e-01
7.901000e+00 -1.069377e+00
8.031000e+00 -1.087310e+00
8.060000e+00 -1.077455e+00
8.097000e+00 -1.133293e+00
8.215000e+00 8.279375e-02
8.247000e+00 -3.553082e-01
8.579000e+00 -4.452810e-01
8.618000e+00 -5.237580e-01
8.840000e+00 -1.835996e+00
8.849000e+00 3.331294e-01
9.359000e+00 7.211013e-01
1.105500e+01 8.940096e-01
1.524000e+01 1.156977e+00
5.522700e+01 1.935453e+00
