0.000000e+00 -2.724788e-15
1.000000e+01 2.567169e-01
2.000000e+01 7.867638e-01
3.000000e+01 5.691864e-01
4.000000e+01 1.391978e+00
5.000000e+01 1.484364e+00
6.000000e+01 1.589693e+00
7.000000e+01 1.605108e+00
8.000000e+01 1.613772e+00
9.000000e+01 1.618360e+00
1.000000e+02 1.621437e+00
1.100000e+02 1.623541e+00
1.200000e+02 1.625023e+00
1.300000e+02 1.626004e+00
1.400000e+02 1.626489e+00
1.500000e+02 1.626672e+00
1.600000e+02 1.626395e+00
1.700000e+02 1.626424e+00
1.800000e+02 1.626319e+00
1.900000e+02 1.626207e+00
2.000000e+02 1.626087e+00
2.100000e+02 1.625974e+00
2.200000e+02 1.625873e+00
2.300000e+02 1.625784e+00
2.400000e+02 1.625702e+00
2.500000e+02 1.625686e+00
2.600000e+02 1.625835e+00
2.700000e+02 1.625951e+00
2.800000e+02 1.626093e+00
2.900000e+02 1.626257e+00
3.000000e+02 1.626227e+00
3.100000e+02 1.626202e+00
3.200000e+02 1.626182e+00
3.300000e+02 1.626166e+00
3.400000e+02 1.626119e+00
3.500000e+02 1.626028e+00
3.600000e+02 1.625941e+00
3.700000e+02 1.625856e+00
3.800000e+02 1.625779e+00
3.900000e+02 1.625715e+00
4.000000e+02 1.625671e+00
4.100000e+02 1.625610e+00
4.200000e+02 1.625491e+00
4.300000e+02 1.625384e+00
4.400000e+02 1.625303e+00
4.500000e+02 1.625246e+00
4.600000e+02 1.625222e+00
4.700000e+02 1.625277e+00
4.800000e+02 1.625451e+00
4.900000e+02 1.625785e+00
5.000000e+02 1.626298e+00
5.100000e+02 1.626970e+00
5.200000e+02 1.627730e+00
5.300000e+02 1.628507e+00
5.400000e+02 1.629243e+00
5.500000e+02 1.629970e+00
5.600000e+02 1.630624e+00
5.700000e+02 1.631093e+00
5.800000e+02 1.631446e+00
5.900000e+02 1.631714e+00
6.000000e+02 1.631918e+00
6.100000e+02 1.632073e+00
6.200000e+02 1.632188e+00
6.300000e+02 1.632292e+00
6.400000e+02 1.632437e+00
6.500000e+02 1.632598e+00
6.600000e+02 1.632742e+00
6.700000e+02 1.632871e+00
6.800000e+02 1.632990e+00
6.900000e+02 1.633101e+00
7.000000e+02 1.633206e+00
7.100000e+02 1.633306e+00
7.200000e+02 1.633404e+00
7.300000e+02 1.633500e+00
7.400000e+02 1.633842e+00
7.500000e+02 1.644127e+00
7.600000e+02 1.655354e+00
7.700000e+02 1.667479e+00
7.800000e+02 1.680468e+00
7.900000e+02 1.694300e+00
8.000000e+02 1.708957e+00
8.100000e+02 1.724433e+00
8.200000e+02 1.740727e+00
8.300000e+02 1.757841e+00
8.400000e+02 1.775784e+00
8.500000e+02 1.794569e+00
8.600000e+02 1.814210e+00
8.700000e+02 1.834717e+00
8.800000e+02 1.856108e+00
8.900000e+02 1.878413e+00
9.000000e+02 1.901706e+00
9.100000e+02 1.925937e+00
9.200000e+02 1.951151e+00
9.300000e+02 1.977448e+00
9.400000e+02 2.005066e+00
9.500000e+02 2.034420e+00
9.600000e+02 2.065742e+00
9.700000e+02 2.098685e+00
9.800000e+02 2.133022e+00
9.900000e+02 2.168808e+00
1.000000e+03 2.206194e+00
