0.000000e+00 -2.724788e-15
1.000000e+01 2.567169e-01
2.000000e+01 7.835485e-01
3.000000e+01 8.213737e-01
4.000000e+01 1.373621e+00
5.000000e+01 1.381057e+00
6.000000e+01 1.385331e+00
7.000000e+01 1.370597e+00
8.000000e+01 1.522838e+00
9.000000e+01 1.525999e+00
1.000000e+02 1.525997e+00
1.100000e+02 1.525947e+00
1.200000e+02 1.525323e+00
1.300000e+02 1.522386e+00
1.400000e+02 1.515609e+00
1.500000e+02 1.516536e+00
1.600000e+02 1.530243e+00
1.700000e+02 1.536423e+00
1.800000e+02 1.533616e+00
1.900000e+02 1.534248e+00
2.000000e+02 1.537878e+00
2.100000e+02 1.540270e+00
2.200000e+02 1.541847e+00
2.300000e+02 1.543093e+00
2.400000e+02 1.544834e+00
2.500000e+02 1.547046e+00
2.600000e+02 1.550452e+00
2.700000e+02 1.552878e+00
2.800000e+02 1.549625e+00
2.900000e+02 1.549786e+00
3.000000e+02 1.551065e+00
3.100000e+02 1.551569e+00
3.200000e+02 1.553179e+00
3.300000e+02 1.556360e+00
3.400000e+02 1.556185e+00
3.500000e+02 1.557735e+00
3.600000e+02 1.552657e+00
3.700000e+02 1.555898e+00
3.800000e+02 1.559187e+00
3.900000e+02 1.560667e+00
4.000000e+02 1.562143e+00
4.100000e+02 1.566506e+00
4.200000e+02 1.574595e+00
4.300000e+02 1.569599e+00
4.400000e+02 1.567737e+00
4.500000e+02 1.562425e+00
4.600000e+02 1.563958e+00
4.700000e+02 1.571972e+00
4.800000e+02 1.578483e+00
4.900000e+02 1.573313e+00
5.000000e+02 1.574462e+00
5.100000e+02 1.574403e+00
5.200000e+02 1.575863e+00
5.300000e+02 1.583908e+00
5.400000e+02 1.595811e+00
5.500000e+02 1.610506e+00
5.600000e+02 1.632159e+00
5.700000e+02 1.658934e+00
5.800000e+02 1.685198e+00
5.900000e+02 1.736207e+00
6.000000e+02 1.794455e+00
6.100000e+02 1.859008e+00
6.200000e+02 1.933843e+00
6.300000e+02 2.021339e+00
6.400000e+02 2.124301e+00
6.500000e+02 2.246506e+00
6.600000e+02 2.393270e+00
6.700000e+02 2.572468e+00
6.800000e+02 2.796185e+00
6.900000e+02 3.084081e+00
7.000000e+02 3.470708e+00
7.100000e+02 4.023828e+00
7.200000e+02 4.480089e+00
7.300000e+02 4.480169e+00
7.400000e+02 4.480245e+00
7.500000e+02 4.464278e+00
7.600000e+02 4.450024e+00
7.700000e+02 4.437754e+00
7.800000e+02 4.427106e+00
7.900000e+02 4.417794e+00
8.000000e+02 4.409593e+00
8.100000e+02 4.402321e+00
8.200000e+02 4.395834e+00
8.300000e+02 4.390015e+00
8.400000e+02 4.384767e+00
8.500000e+02 4.380013e+00
8.600000e+02 4.375686e+00
8.700000e+02 4.371734e+00
8.800000e+02 4.368109e+00
8.900000e+02 4.364775e+00
9.000000e+02 4.361697e+00
9.100000e+02 4.358848e+00
9.200000e+02 4.356204e+00
9.300000e+02 4.353744e+00
9.400000e+02 4.351450e+00
9.500000e+02 4.349305e+00
9.600000e+02 4.347295e+00
9.700000e+02 4.345409e+00
9.800000e+02 4.343634e+00
9.900000e+02 4.341963e+00
1.000000e+03 4.340385e+00
