2.280000e-01 2.905584e-03
8.430000e-01 3.942716e-03
1.115000e+00 -8.068859e-03
1.260000e+00 -5.244364e-03
1.263000e+00 -8.984112e-04
1.461000e+00 -1.588239e-03
1.605000e+00 -1.219803e-03
2.110000e+00 -1.343814e-03
2.367000e+00 -7.520897e-03
3.023000e+00 -5.561157e-03
3.164000e+00 -1.143552e-02
3.635000e+00 -8.425916e-03
3.753000e+00 -8.261235e-03
3.999000e+00 -1.939139e-02
4.192000e+00 -4.336795e-02
4.342000e+00 -7.033210e-02
4.474000e+00 -1.209515e-01
4.527000e+00 -1.358982e-01
4.559000e+00 -1.757037e-01
4.703000e+00 -2.378854e-01
4.841000e+00 -3.046127e-01
4.901000e+00 -3.355403e-01
4.931000e+00 -4.203203e-01
4.935000e+00 -5.432087e-01
5.019000e+00 -6.170999e-01
5.035000e+00 -6.732546e-01
5.041000e+00 -6.786222e-01
5.049000e+00 -6.725210e-01
5.213000e+00 -7.205131e-01
5.214000e+00 -7.033472e-01
5.261000e+00 -7.339309e-01
5.311000e+00 -8.661920e-01
5.372000e+00 -8.924292e-01
5.435000e+00 -9.541813e-01
5.437000e+00 -9.353549e-01
5.612000e+00 -9.220600e-01
5.806000e+00 -9.502975e-01
5.928000e+00 -9.894776e-01
5.982000e+00 -1.023301e+00
6.242000e+00 -9.637276e-01
6.262000e+00 -1.088622e+00
6.267000e+00 -1.097864e+00
6.309000e+00 -1.158285e+00
6.415000e+00 -1.076702e+00
6.655000e+00 -1.072035e+00
6.660000e+00 -1.065414e+00
6.695000e+00 -1.030673e+00
7.232000e+00 -1.270735e+00
7.262000e+00 -9.908928e-01
7.272000e+00 -7.108807e-01
7.389000e+00 -6.758947e-01
7.487000e+00 -4.698919e-01
7.705000e+00 -5.313851e-01
7.793000e+00 -8.710413e-01
7.993000e+00 -1.112783e-01
8.115000e+00 -7.143417e-02
8.511000e+00 -9.671972e-02
8.648000e+00 9.983418e-02
8.776000e+00 8.346121e-02
8.939000e+00 7.332970e-02
9.967000e+00 2.567169e-01
1.060100e+01 4.756968e-01
1.219300e+01 5.692176e-01
1.311200e+01 5.651919e-01
1.319700e+01 5.980792e-01
1.371200e+01 6.193084e-01
1.475000e+01 6.241536e-01
1.540600e+01 6.657601e-01
2.669000e+01 9.874033e-01
3.843000e+01 1.151365e+00
