0.000000e+00 -1.161143e-07
1.000000e+01 -3.054469e-01
2.000000e+01 1.470812e+00
3.000000e+01 1.774175e+00
4.000000e+01 1.926970e+00
5.000000e+01 1.877182e+00
6.000000e+01 6.884161e+00
7.000000e+01 1.927233e+00
8.000000e+01 4.831321e+00
9.000000e+01 6.146675e+00
1.000000e+02 6.330850e+00
1.100000e+02 6.095498e+00
1.200000e+02 5.963561e+00
1.300000e+02 5.883324e+00
1.400000e+02 5.829826e+00
1.500000e+02 5.791607e+00
1.600000e+02 5.762953e+00
1.700000e+02 5.740683e+00
1.800000e+02 5.722883e+00
1.900000e+02 5.708332e+00
2.000000e+02 5.696217e+00
2.100000e+02 5.685973e+00
2.200000e+02 5.677199e+00
2.300000e+02 5.669599e+00
2.400000e+02 5.662954e+00
2.500000e+02 5.657092e+00
2.600000e+02 5.651885e+00
2.700000e+02 5.647227e+00
2.800000e+02 5.643037e+00
2.900000e+02 5.639247e+00
3.000000e+02 5.635803e+00
3.100000e+02 5.632658e+00
3.200000e+02 5.629777e+00
3.300000e+02 5.627126e+00
3.400000e+02 5.624680e+00
3.500000e+02 5.622416e+00
3.600000e+02 5.620313e+00
3.700000e+02 5.618356e+00
3.800000e+02 5.616529e+00
3.900000e+02 5.614821e+00
4.000000e+02 5.613219e+00
4.100000e+02 5.611715e+00
4.200000e+02 5.610299e+00
4.300000e+02 5.608964e+00
4.400000e+02 5.607703e+00
4.500000e+02 5.606511e+00
4.600000e+02 5.605381e+00
4.700000e+02 5.604310e+00
4.800000e+02 5.603292e+00
4.900000e+02 5.602323e+00
5.000000e+02 5.601401e+00
5.100000e+02 5.600522e+00
5.200000e+02 5.599683e+00
5.300000e+02 5.598881e+00
5.400000e+02 5.598114e+00
5.500000e+02 5.597379e+00
5.600000e+02 5.596676e+00
5.700000e+02 5.596000e+00
5.800000e+02 5.595352e+00
5.900000e+02 5.594730e+00
6.000000e+02 5.594131e+00
6.100000e+02 5.593555e+00
6.200000e+02 5.593000e+00
6.300000e+02 5.592465e+00
6.400000e+02 5.591950e+00
6.500000e+02 5.591452e+00
6.600000e+02 5.590972e+00
6.700000e+02 5.590508e+00
6.800000e+02 5.590060e+00
6.900000e+02 5.589626e+00
7.000000e+02 5.589206e+00
7.100000e+02 5.588799e+00
7.200000e+02 5.588405e+00
7.300000e+02 5.588024e+00
7.400000e+02 5.587654e+00
7.500000e+02 5.587294e+00
7.600000e+02 5.586946e+00
7.700000e+02 5.586607e+00
7.800000e+02 5.586279e+00
7.900000e+02 5.585959e+00
8.000000e+02 5.585648e+00
8.100000e+02 5.585346e+00
8.200000e+02 5.585052e+00
8.300000e+02 5.584766e+00
8.400000e+02 5.584487e+00
8.500000e+02 5.584216e+00
8.600000e+02 5.583951e+00
8.700000e+02 5.583694e+00
8.800000e+02 5.583442e+00
8.900000e+02 5.583197e+00
9.000000e+02 5.582958e+00
9.100000e+02 5.582724e+00
9.200000e+02 5.582497e+00
9.300000e+02 5.582274e+00
9.400000e+02 5.582057e+00
9.500000e+02 5.581844e+00
9.600000e+02 5.581637e+00
9.700000e+02 5.581434e+00
9.800000e+02 5.581236e+00
9.900000e+02 5.581042e+00
1.000000e+03 5.580852e+00
