2.280000e-01 2.902332e-03
8.430000e-01 3.935968e-03
1.115000e+00 -8.078721e-03
1.260000e+00 -5.331510e-03
1.263000e+00 -9.768365e-04
1.461000e+00 -1.667186e-03
1.605000e+00 -1.298593e-03
2.110000e+00 -1.394776e-03
2.366000e+00 -7.286193e-03
3.024000e+00 -5.571923e-03
3.167000e+00 -1.143151e-02
3.637000e+00 -8.028298e-03
3.751000e+00 -7.939788e-03
3.997000e+00 -1.912415e-02
4.194000e+00 -4.369119e-02
4.343000e+00 -7.006224e-02
4.473000e+00 -1.201098e-01
4.535000e+00 -1.383141e-01
4.559000e+00 -1.740717e-01
4.731000e+00 -2.465145e-01
4.851000e+00 -3.100093e-01
4.898000e+00 -3.399376e-01
4.931000e+00 -4.157237e-01
4.935000e+00 -5.427652e-01
4.991000e+00 -5.651414e-01
5.019000e+00 -6.084337e-01
5.035000e+00 -6.621749e-01
5.040000e+00 -6.583693e-01
5.041000e+00 -6.604879e-01
5.163000e+00 -7.065134e-01
5.208000e+00 -6.922362e-01
5.212000e+00 -7.073860e-01
5.249000e+00 -7.356031e-01
5.310000e+00 -8.702989e-01
5.631000e+00 -8.548851e-01
5.652000e+00 -9.108764e-01
5.737000e+00 -8.884319e-01
5.918000e+00 -8.418145e-01
6.251000e+00 -7.513764e-01
6.264000e+00 -7.177086e-01
6.277000e+00 -7.199181e-01
6.402000e+00 -7.270969e-01
6.489000e+00 -6.865283e-01
6.653000e+00 -6.402272e-01
6.676000e+00 -7.041702e-01
6.730000e+00 -7.536369e-01
6.908000e+00 -9.176558e-01
6.979000e+00 -9.198598e-01
7.197000e+00 -8.745111e-01
7.220000e+00 -8.821194e-01
7.312000e+00 -1.019534e+00
7.350000e+00 -9.343621e-01
7.675000e+00 -9.210097e-01
7.708000e+00 -8.114250e-01
7.906000e+00 -4.989628e-01
8.210000e+00 -4.455380e-01
8.252000e+00 -4.746402e-01
8.554000e+00 -3.551840e-01
1.088100e+01 -2.600101e-01
1.094900e+01 -3.522580e-01
1.101000e+01 -1.033067e-02
1.138400e+01 6.353007e-01
1.305300e+01 2.257888e+00
1.307000e+01 5.049733e+00
1.340000e+01 5.009334e+00
