2.280000e-01 2.878963e-03
8.440000e-01 3.909128e-03
1.115000e+00 -8.109115e-03
1.261000e+00 -5.129735e-03
1.263000e+00 -1.041488e-03
1.461000e+00 -1.713892e-03
1.607000e+00 -1.324804e-03
2.107000e+00 -1.348433e-03
2.369000e+00 -7.054506e-03
3.022000e+00 -5.014427e-03
3.167000e+00 -1.071821e-02
3.638000e+00 -7.353965e-03
3.787000e+00 -8.145169e-03
3.982000e+00 -2.140505e-02
4.184000e+00 -4.269355e-02
4.322000e+00 -6.360381e-02
4.476000e+00 -1.153154e-01
4.525000e+00 -1.278678e-01
4.553000e+00 -1.669845e-01
4.570000e+00 -2.033360e-01
4.841000e+00 -3.267906e-01
4.899000e+00 -3.312660e-01
4.922000e+00 -4.685754e-01
4.937000e+00 -5.293450e-01
4.972000e+00 -5.719819e-01
5.005000e+00 -6.123935e-01
5.024000e+00 -6.191164e-01
5.072000e+00 -6.726225e-01
5.135000e+00 -6.906070e-01
5.148000e+00 -7.183267e-01
5.221000e+00 -8.215388e-01
5.229000e+00 -8.034410e-01
5.314000e+00 -8.630673e-01
5.317000e+00 -9.338504e-01
5.359000e+00 -9.572173e-01
5.411000e+00 -9.647066e-01
5.619000e+00 -8.113415e-01
5.626000e+00 -8.219886e-01
5.627000e+00 -7.422556e-01
5.661000e+00 -7.488180e-01
6.098000e+00 -6.606568e-01
6.306000e+00 -6.087868e-01
6.344000e+00 -6.222546e-01
6.416000e+00 -6.174379e-01
6.432000e+00 -6.154630e-01
6.599000e+00 -6.737750e-01
6.705000e+00 -6.826994e-01
6.724000e+00 -6.858416e-01
6.871000e+00 -6.859608e-01
7.162000e+00 -5.837578e-01
7.268000e+00 -5.990975e-01
7.339000e+00 -5.965533e-01
7.447000e+00 -6.013643e-01
7.943000e+00 -4.991152e-01
8.055000e+00 -4.972451e-01
8.252000e+00 -5.733673e-01
8.332000e+00 -5.728167e-01
8.392000e+00 -6.391981e-01
8.678000e+00 -7.848950e-01
8.776000e+00 -7.539713e-01
8.782000e+00 -6.842717e-01
9.082000e+00 -6.363173e-01
9.192000e+00 -6.889727e-01
9.224000e+00 -6.662331e-01
9.260000e+00 -7.229239e-01
9.373000e+00 -7.349588e-01
9.509000e+00 -6.701048e-01
9.855000e+00 -2.906291e-01
1.033800e+01 -3.929149e-01
1.074400e+01 -1.827620e-01
1.082900e+01 -1.970445e-01
1.126600e+01 -3.237604e-01
1.153100e+01 -2.073373e-01
1.158700e+01 6.708756e-01
1.213600e+01 6.503627e-01
1.243600e+01 6.603053e-01
2.174100e+01 1.663337e+00
