2.280000e-01 2.904929e-03
8.440000e-01 3.942272e-03
1.115000e+00 -8.070476e-03
1.260000e+00 -5.275439e-03
1.263000e+00 -9.276808e-04
1.461000e+00 -1.618268e-03
1.605000e+00 -1.251539e-03
2.110000e+00 -1.366669e-03
2.366000e+00 -7.438559e-03
3.023000e+00 -5.613345e-03
3.165000e+00 -1.149305e-02
3.635000e+00 -8.415004e-03
3.751000e+00 -8.222295e-03
4.000000e+00 -1.915099e-02
4.193000e+00 -4.339537e-02
4.345000e+00 -7.067764e-02
4.476000e+00 -1.211775e-01
4.529000e+00 -1.365318e-01
4.560000e+00 -1.760555e-01
4.702000e+00 -2.383572e-01
4.837000e+00 -3.025649e-01
4.909000e+00 -3.322130e-01
4.931000e+00 -4.199883e-01
4.937000e+00 -5.441519e-01
5.019000e+00 -6.157749e-01
5.036000e+00 -6.755075e-01
5.044000e+00 -6.818750e-01
5.056000e+00 -6.783155e-01
5.212000e+00 -6.986329e-01
5.312000e+00 -8.128451e-01
5.363000e+00 -8.270688e-01
5.425000e+00 -8.837454e-01
5.430000e+00 -8.658231e-01
5.647000e+00 -1.003609e+00
5.881000e+00 -9.918788e-01
5.896000e+00 -9.806582e-01
5.970000e+00 -1.013762e+00
6.007000e+00 -1.029945e+00
6.056000e+00 -9.866413e-01
6.092000e+00 -1.021693e+00
6.176000e+00 -9.354097e-01
6.207000e+00 -9.555789e-01
6.238000e+00 -1.010694e+00
6.261000e+00 -1.091723e+00
6.266000e+00 -1.180553e+00
6.281000e+00 -1.264255e+00
6.373000e+00 -1.272570e+00
6.554000e+00 -1.063314e+00
6.565000e+00 -1.115612e+00
6.576000e+00 -1.117521e+00
6.654000e+00 -1.107730e+00
6.692000e+00 -1.069145e+00
6.764000e+00 -8.954679e-01
6.915000e+00 -9.184974e-01
7.097000e+00 -1.254176e+00
7.218000e+00 -7.849377e-01
7.605000e+00 -8.834738e-01
7.914000e+00 -3.293227e-01
8.138000e+00 -1.111838e-01
8.676000e+00 -2.639680e-02
9.277000e+00 5.080021e-01
9.377000e+00 4.913627e-01
1.033700e+01 7.348176e-01
1.059900e+01 6.492071e-01
1.247700e+01 1.086290e+00
1.715900e+01 1.057765e+00
3.958100e+01 1.495128e+00
