2.280000e-01 2.905585e-03
8.430000e-01 3.942823e-03
1.115000e+00 -8.068727e-03
1.260000e+00 -5.244231e-03
1.263000e+00 -8.982788e-04
1.461000e+00 -1.588108e-03
1.605000e+00 -1.219675e-03
2.110000e+00 -1.343677e-03
2.367000e+00 -7.520741e-03
3.023000e+00 -5.560999e-03
3.164000e+00 -1.143536e-02
3.635000e+00 -8.425990e-03
3.753000e+00 -8.261247e-03
3.999000e+00 -1.939142e-02
4.192000e+00 -4.336757e-02
4.342000e+00 -7.033176e-02
4.474000e+00 -1.209510e-01
4.527000e+00 -1.358978e-01
4.559000e+00 -1.757028e-01
4.703000e+00 -2.378849e-01
4.841000e+00 -3.046107e-01
4.901000e+00 -3.355350e-01
4.931000e+00 -4.203112e-01
4.935000e+00 -5.432022e-01
5.019000e+00 -6.170944e-01
5.035000e+00 -6.732492e-01
5.041000e+00 -6.786170e-01
5.049000e+00 -6.725159e-01
5.213000e+00 -7.205056e-01
5.214000e+00 -7.033427e-01
5.261000e+00 -7.339254e-01
5.311000e+00 -8.661861e-01
5.372000e+00 -8.924249e-01
5.435000e+00 -9.541751e-01
5.437000e+00 -9.353451e-01
5.612000e+00 -9.220456e-01
5.806000e+00 -9.502823e-01
5.928000e+00 -9.894838e-01
5.982000e+00 -1.023299e+00
6.242000e+00 -9.637113e-01
6.262000e+00 -1.088607e+00
6.267000e+00 -1.097849e+00
6.310000e+00 -1.158737e+00
6.415000e+00 -1.076558e+00
6.655000e+00 -1.071937e+00
6.661000e+00 -1.065476e+00
6.695000e+00 -1.030165e+00
7.234000e+00 -1.267830e+00
7.264000e+00 -9.926598e-01
7.271000e+00 -7.118747e-01
7.386000e+00 -6.775773e-01
7.487000e+00 -4.678063e-01
7.708000e+00 -5.280064e-01
7.795000e+00 -8.609396e-01
7.991000e+00 -9.346830e-02
8.115000e+00 -5.174894e-02
8.761000e+00 5.709047e-02
9.057000e+00 1.573121e-01
1.040700e+01 3.308526e-01
1.061000e+01 3.111139e-01
1.139300e+01 4.329483e-01
1.175000e+01 4.488122e-01
1.361700e+01 4.116548e-01
1.387800e+01 4.772794e-01
1.471300e+01 5.322604e-01
1.671500e+01 5.006450e-01
1.802400e+01 7.207870e-01
2.109600e+01 7.740936e-01
3.577200e+01 9.684146e-01
3.680400e+01 1.101405e+00
3.895700e+01 1.114995e+00
