0.000000e+00 -1.303333e-09
1.000000e+01 6.971428e-01
2.000000e+01 1.263374e+00
3.000000e+01 1.507653e+00
4.000000e+01 1.433784e+00
5.000000e+01 1.908663e+00
6.000000e+01 1.967317e+00
7.000000e+01 1.996289e+00
8.000000e+01 1.994550e+00
9.000000e+01 1.991797e+00
1.000000e+02 2.301277e+00
1.100000e+02 2.758445e+00
1.200000e+02 2.762317e+00
1.300000e+02 2.764334e+00
1.400000e+02 2.765417e+00
1.500000e+02 2.766142e+00
1.600000e+02 2.766752e+00
1.700000e+02 2.767276e+00
1.800000e+02 2.767784e+00
1.900000e+02 2.767799e+00
2.000000e+02 2.767250e+00
2.100000e+02 2.766687e+00
2.200000e+02 2.751301e+00
2.300000e+02 2.730311e+00
2.400000e+02 2.712089e+00
2.500000e+02 2.696099e+00
2.600000e+02 2.681940e+00
2.700000e+02 2.669302e+00
2.800000e+02 2.657943e+00
2.900000e+02 2.647672e+00
3.000000e+02 2.638333e+00
3.100000e+02 2.629802e+00
3.200000e+02 2.621974e+00
3.300000e+02 2.614761e+00
3.400000e+02 2.608092e+00
3.500000e+02 2.601905e+00
3.600000e+02 2.596146e+00
3.700000e+02 2.590772e+00
3.800000e+02 2.585743e+00
3.900000e+02 2.581025e+00
4.000000e+02 2.576590e+00
4.100000e+02 2.572411e+00
4.200000e+02 2.568465e+00
4.300000e+02 2.564733e+00
4.400000e+02 2.561197e+00
4.500000e+02 2.557842e+00
4.600000e+02 2.554653e+00
4.700000e+02 2.551617e+00
4.800000e+02 2.548723e+00
4.900000e+02 2.545962e+00
5.000000e+02 2.543323e+00
5.100000e+02 2.540799e+00
5.200000e+02 2.538382e+00
5.300000e+02 2.536017e+00
5.400000e+02 2.533554e+00
5.500000e+02 2.531187e+00
5.600000e+02 2.528910e+00
5.700000e+02 2.526716e+00
5.800000e+02 2.524600e+00
5.900000e+02 2.522556e+00
6.000000e+02 2.520580e+00
6.100000e+02 2.518666e+00
6.200000e+02 2.516811e+00
6.300000e+02 2.515011e+00
6.400000e+02 2.513339e+00
6.500000e+02 2.511883e+00
6.600000e+02 2.510469e+00
6.700000e+02 2.509092e+00
6.800000e+02 2.507899e+00
6.900000e+02 2.506829e+00
7.000000e+02 2.505801e+00
7.100000e+02 2.504815e+00
7.200000e+02 2.503871e+00
7.300000e+02 2.502968e+00
7.400000e+02 2.502062e+00
7.500000e+02 2.500961e+00
7.600000e+02 2.499890e+00
7.700000e+02 2.498848e+00
7.800000e+02 2.497834e+00
7.900000e+02 2.496847e+00
8.000000e+02 2.495885e+00
8.100000e+02 2.494947e+00
8.200000e+02 2.494027e+00
8.300000e+02 2.493133e+00
8.400000e+02 2.492263e+00
8.500000e+02 2.491417e+00
8.600000e+02 2.490594e+00
8.700000e+02 2.489793e+00
8.800000e+02 2.488985e+00
8.900000e+02 2.487984e+00
9.000000e+02 2.487023e+00
9.100000e+02 2.486098e+00
9.200000e+02 2.485208e+00
9.300000e+02 2.484350e+00
9.400000e+02 2.483522e+00
9.500000e+02 2.482722e+00
9.600000e+02 2.481950e+00
9.700000e+02 2.481204e+00
9.800000e+02 2.480482e+00
9.900000e+02 2.479785e+00
1.000000e+03 2.479115e+00
