0.000000e+00 1.618656e-08
1.000000e+01 -7.233264e+00
2.000000e+01 -8.882183e+00
3.000000e+01 -9.937265e+00
4.000000e+01 -9.124106e+00
5.000000e+01 -8.202007e+00
6.000000e+01 -8.345117e+00
7.000000e+01 -8.607630e+00
8.000000e+01 -8.595348e+00
9.000000e+01 -8.576294e+00
1.000000e+02 -1.206593e+01
1.100000e+02 -1.560415e+01
1.200000e+02 -1.560647e+01
1.300000e+02 -1.561613e+01
1.400000e+02 -1.562469e+01
1.500000e+02 -1.563168e+01
1.600000e+02 -1.563928e+01
1.700000e+02 -1.564610e+01
1.800000e+02 -1.565290e+01
1.900000e+02 -1.565543e+01
2.000000e+02 -1.565400e+01
2.100000e+02 -1.565209e+01
2.200000e+02 -1.554944e+01
2.300000e+02 -1.540754e+01
2.400000e+02 -1.528327e+01
2.500000e+02 -1.517336e+01
2.600000e+02 -1.507533e+01
2.700000e+02 -1.498724e+01
2.800000e+02 -1.490757e+01
2.900000e+02 -1.483510e+01
3.000000e+02 -1.476886e+01
3.100000e+02 -1.470802e+01
3.200000e+02 -1.465193e+01
3.300000e+02 -1.460001e+01
3.400000e+02 -1.455180e+01
3.500000e+02 -1.450690e+01
3.600000e+02 -1.446495e+01
3.700000e+02 -1.442566e+01
3.800000e+02 -1.438878e+01
3.900000e+02 -1.435408e+01
4.000000e+02 -1.432136e+01
4.100000e+02 -1.429045e+01
4.200000e+02 -1.426120e+01
4.300000e+02 -1.423347e+01
4.400000e+02 -1.420714e+01
4.500000e+02 -1.418210e+01
4.600000e+02 -1.415826e+01
4.700000e+02 -1.413553e+01
4.800000e+02 -1.411382e+01
4.900000e+02 -1.409308e+01
5.000000e+02 -1.407323e+01
5.100000e+02 -1.405421e+01
5.200000e+02 -1.403598e+01
5.300000e+02 -1.401803e+01
5.400000e+02 -1.399894e+01
5.500000e+02 -1.398052e+01
5.600000e+02 -1.396271e+01
5.700000e+02 -1.394549e+01
5.800000e+02 -1.392879e+01
5.900000e+02 -1.391259e+01
6.000000e+02 -1.389684e+01
6.100000e+02 -1.388152e+01
6.200000e+02 -1.386658e+01
6.300000e+02 -1.385200e+01
6.400000e+02 -1.383871e+01
6.500000e+02 -1.382781e+01
6.600000e+02 -1.381705e+01
6.700000e+02 -1.380642e+01
6.800000e+02 -1.379782e+01
6.900000e+02 -1.379053e+01
7.000000e+02 -1.378351e+01
7.100000e+02 -1.377675e+01
7.200000e+02 -1.377028e+01
7.300000e+02 -1.376408e+01
7.400000e+02 -1.375769e+01
7.500000e+02 -1.374924e+01
7.600000e+02 -1.374101e+01
7.700000e+02 -1.373300e+01
7.800000e+02 -1.372519e+01
7.900000e+02 -1.371759e+01
8.000000e+02 -1.371018e+01
8.100000e+02 -1.370304e+01
8.200000e+02 -1.369653e+01
8.300000e+02 -1.369013e+01
8.400000e+02 -1.368385e+01
8.500000e+02 -1.367768e+01
8.600000e+02 -1.367163e+01
8.700000e+02 -1.366569e+01
8.800000e+02 -1.365963e+01
8.900000e+02 -1.365164e+01
9.000000e+02 -1.364394e+01
9.100000e+02 -1.363649e+01
9.200000e+02 -1.362928e+01
9.300000e+02 -1.362229e+01
9.400000e+02 -1.361550e+01
9.500000e+02 -1.360891e+01
9.600000e+02 -1.360250e+01
9.700000e+02 -1.359626e+01
9.800000e+02 -1.359018e+01
9.900000e+02 -1.358426e+01
1.000000e+03 -1.357847e+01
