0.000000e+00 3.630511e-16
1.000000e+01 -2.607435e+00
2.000000e+01 -3.807713e+00
3.000000e+01 -2.378544e+00
4.000000e+01 -4.869581e+00
5.000000e+01 -5.012994e+00
6.000000e+01 -5.132927e+00
7.000000e+01 -5.434929e+00
8.000000e+01 -5.993511e+00
9.000000e+01 -5.984847e+00
1.000000e+02 -5.989259e+00
1.100000e+02 -5.990443e+00
1.200000e+02 -6.000945e+00
1.300000e+02 -6.006466e+00
1.400000e+02 -5.946888e+00
1.500000e+02 -6.020565e+00
1.600000e+02 -6.073783e+00
1.700000e+02 -6.064791e+00
1.800000e+02 -6.023510e+00
1.900000e+02 -6.058423e+00
2.000000e+02 -6.078216e+00
2.100000e+02 -6.103313e+00
2.200000e+02 -6.141990e+00
2.300000e+02 -6.174701e+00
2.400000e+02 -6.221093e+00
2.500000e+02 -6.279533e+00
2.600000e+02 -6.369156e+00
2.700000e+02 -6.424110e+00
2.800000e+02 -6.345288e+00
2.900000e+02 -6.344658e+00
3.000000e+02 -6.371985e+00
3.100000e+02 -6.385079e+00
3.200000e+02 -6.423019e+00
3.300000e+02 -6.494958e+00
3.400000e+02 -6.478846e+00
3.500000e+02 -6.495866e+00
3.600000e+02 -6.384987e+00
3.700000e+02 -6.408937e+00
3.800000e+02 -6.478360e+00
3.900000e+02 -6.507807e+00
4.000000e+02 -6.542256e+00
4.100000e+02 -6.643276e+00
4.200000e+02 -6.879267e+00
4.300000e+02 -6.761888e+00
4.400000e+02 -6.721392e+00
4.500000e+02 -6.705357e+00
4.600000e+02 -6.735696e+00
4.700000e+02 -6.900059e+00
4.800000e+02 -7.023190e+00
4.900000e+02 -6.904419e+00
5.000000e+02 -6.933585e+00
5.100000e+02 -6.920438e+00
5.200000e+02 -6.936411e+00
5.300000e+02 -6.776058e+00
5.400000e+02 -6.831273e+00
5.500000e+02 -6.982687e+00
5.600000e+02 -7.227915e+00
5.700000e+02 -7.582082e+00
5.800000e+02 -8.026140e+00
5.900000e+02 -8.542660e+00
6.000000e+02 -9.126547e+00
6.100000e+02 -9.777210e+00
6.200000e+02 -1.049677e+01
6.300000e+02 -1.129034e+01
6.400000e+02 -1.216664e+01
6.500000e+02 -1.313905e+01
6.600000e+02 -1.422755e+01
6.700000e+02 -1.546176e+01
6.800000e+02 -1.688543e+01
6.900000e+02 -1.856834e+01
7.000000e+02 -2.062486e+01
7.100000e+02 -2.326753e+01
7.200000e+02 -2.524956e+01
7.300000e+02 -2.525116e+01
7.400000e+02 -2.525254e+01
7.500000e+02 -2.518524e+01
7.600000e+02 -2.512510e+01
7.700000e+02 -2.507332e+01
7.800000e+02 -2.502839e+01
7.900000e+02 -2.498912e+01
8.000000e+02 -2.495457e+01
8.100000e+02 -2.492398e+01
8.200000e+02 -2.489672e+01
8.300000e+02 -2.487230e+01
8.400000e+02 -2.485032e+01
8.500000e+02 -2.483043e+01
8.600000e+02 -2.481235e+01
8.700000e+02 -2.479586e+01
8.800000e+02 -2.478074e+01
8.900000e+02 -2.476685e+01
9.000000e+02 -2.475402e+01
9.100000e+02 -2.474216e+01
9.200000e+02 -2.473115e+01
9.300000e+02 -2.472090e+01
9.400000e+02 -2.471133e+01
9.500000e+02 -2.470239e+01
9.600000e+02 -2.469401e+01
9.700000e+02 -2.468613e+01
9.800000e+02 -2.467873e+01
9.900000e+02 -2.467175e+01
1.000000e+03 -2.466515e+01
