2.280000e-01 -8.325913e-10
8.430000e-01 -2.012829e-06
1.115000e+00 -2.800905e-06
1.260000e+00 -1.018945e-01
1.263000e+00 -1.104743e-01
1.461000e+00 -1.104740e-01
1.605000e+00 -1.104737e-01
2.110000e+00 -1.071562e-01
2.367000e+00 -1.099437e-01
3.023000e+00 -1.699729e-01
3.164000e+00 -1.626455e-01
3.635000e+00 -5.647656e-02
3.753000e+00 -1.150177e-02
3.999000e+00 9.451710e-02
4.192000e+00 1.464326e-01
4.342000e+00 2.315189e-01
4.474000e+00 2.648595e-01
4.527000e+00 2.238148e-01
4.559000e+00 1.951828e-01
4.703000e+00 -4.859599e-02
4.841000e+00 -1.311012e-01
4.901000e+00 -2.766977e-01
4.931000e+00 -3.655296e-01
4.935000e+00 -3.755227e-01
5.019000e+00 -4.619356e-01
5.035000e+00 -4.945962e-01
5.041000e+00 -5.040382e-01
5.049000e+00 -5.139285e-01
5.213000e+00 1.597864e-01
5.214000e+00 1.659539e-01
5.261000e+00 4.410508e-01
5.311000e+00 6.054087e-01
5.372000e+00 5.074002e-01
5.435000e+00 2.233537e-01
5.437000e+00 2.151282e-01
5.612000e+00 -4.700567e-02
5.806000e+00 3.031690e-02
5.928000e+00 -8.320662e-02
5.982000e+00 -3.320344e-01
6.242000e+00 -1.510640e+00
6.262000e+00 -1.608088e+00
6.267000e+00 -1.627955e+00
6.310000e+00 -1.849975e+00
6.415000e+00 -1.839883e+00
6.655000e+00 -2.636105e+00
6.661000e+00 -2.624496e+00
6.695000e+00 -2.683341e+00
7.234000e+00 -2.445532e+00
7.264000e+00 -2.406066e+00
7.271000e+00 -2.418789e+00
7.386000e+00 -2.472514e+00
7.487000e+00 -2.512145e+00
7.708000e+00 -2.728606e+00
7.795000e+00 -1.407965e+00
7.991000e+00 -2.824564e+00
8.115000e+00 -2.749785e+00
8.761000e+00 -1.011213e+00
9.057000e+00 -9.484196e-01
1.040700e+01 -1.202007e+00
1.061000e+01 -1.172933e+00
1.139300e+01 -1.382332e+00
1.175000e+01 -1.366352e+00
1.361700e+01 -8.713994e-01
1.387800e+01 -9.119229e-01
1.471300e+01 -1.950884e+00
1.671500e+01 -2.528632e+00
1.802400e+01 -2.679067e+00
2.109600e+01 -2.794460e+00
3.577200e+01 -9.189429e-01
3.680400e+01 -1.381623e-01
3.895700e+01 -2.985330e-01
