2.280000e-01 -1.962429e-05
8.430000e-01 -1.235521e-04
1.115000e+00 -2.389858e-04
1.260000e+00 -1.011590e-01
1.263000e+00 -1.097044e-01
1.461000e+00 -1.096807e-01
1.605000e+00 -1.096571e-01
2.110000e+00 -1.074053e-01
2.366000e+00 -1.119509e-01
3.024000e+00 -1.718878e-01
3.167000e+00 -1.645147e-01
3.637000e+00 -6.029392e-02
3.751000e+00 -1.653799e-02
3.997000e+00 8.645375e-02
4.194000e+00 1.477446e-01
4.343000e+00 2.228821e-01
4.473000e+00 2.563491e-01
4.535000e+00 2.089443e-01
4.559000e+00 1.769550e-01
4.731000e+00 -1.167881e-01
4.851000e+00 -2.133416e-01
4.898000e+00 -3.434879e-01
4.931000e+00 -4.476391e-01
4.935000e+00 -4.579317e-01
4.991000e+00 -5.472052e-01
5.019000e+00 -5.704559e-01
5.035000e+00 -5.990951e-01
5.040000e+00 -6.084841e-01
5.041000e+00 -6.104929e-01
5.163000e+00 -2.525092e-01
5.208000e+00 3.163085e-02
5.212000e+00 5.476507e-02
5.249000e+00 2.712379e-01
5.310000e+00 4.586947e-01
5.631000e+00 -4.260157e-02
5.652000e+00 -5.957708e-03
5.737000e+00 -1.158198e-01
5.918000e+00 -4.547085e-01
6.251000e+00 -1.565778e+00
6.264000e+00 -1.581833e+00
6.277000e+00 -1.567500e+00
6.402000e+00 -1.620248e+00
6.489000e+00 -1.503458e+00
6.653000e+00 -1.448911e+00
6.676000e+00 -1.443142e+00
6.730000e+00 -1.475734e+00
6.908000e+00 -2.238022e+00
6.979000e+00 -3.069274e+00
7.197000e+00 -5.045591e+00
7.220000e+00 -5.417148e+00
7.312000e+00 -5.113847e+00
7.350000e+00 -5.558672e+00
7.675000e+00 -4.199729e+00
7.708000e+00 -4.091913e+00
7.906000e+00 -3.621769e+00
8.210000e+00 -3.109638e+00
8.252000e+00 -3.122688e+00
8.554000e+00 -4.185081e+00
1.088100e+01 -7.919461e+00
1.094900e+01 -7.916610e+00
1.101000e+01 -7.906136e+00
1.138400e+01 -9.878184e+00
1.305300e+01 -1.849573e+01
1.307000e+01 -2.876735e+01
1.340000e+01 -2.887131e+01
