2.280000e-01 -1.815256e-16
8.430000e-01 1.815256e-16
1.115000e+00 0.000000e+00
1.260000e+00 -1.018917e-01
1.263000e+00 -1.104714e-01
1.461000e+00 -1.104714e-01
1.605000e+00 -1.104714e-01
2.110000e+00 -1.071512e-01
2.367000e+00 -1.099376e-01
3.023000e+00 -1.699663e-01
3.164000e+00 -1.626389e-01
3.635000e+00 -5.646734e-02
3.753000e+00 -1.149300e-02
3.999000e+00 9.452562e-02
4.192000e+00 1.464404e-01
4.342000e+00 2.315266e-01
4.474000e+00 2.648671e-01
4.527000e+00 2.238246e-01
4.559000e+00 1.951942e-01
4.703000e+00 -4.858514e-02
4.841000e+00 -1.310867e-01
4.901000e+00 -2.766664e-01
4.931000e+00 -3.654811e-01
4.935000e+00 -3.754707e-01
5.019000e+00 -4.618784e-01
5.035000e+00 -4.945359e-01
5.041000e+00 -5.039771e-01
5.049000e+00 -5.138662e-01
5.213000e+00 1.598664e-01
5.214000e+00 1.660339e-01
5.261000e+00 4.411329e-01
5.311000e+00 6.054898e-01
5.372000e+00 5.074726e-01
5.435000e+00 2.234089e-01
5.437000e+00 2.151826e-01
5.612000e+00 -4.696144e-02
5.806000e+00 3.039962e-02
5.928000e+00 -8.313171e-02
5.982000e+00 -3.318747e-01
6.242000e+00 -1.510488e+00
6.262000e+00 -1.607899e+00
6.267000e+00 -1.627754e+00
6.309000e+00 -1.844652e+00
6.415000e+00 -1.838322e+00
6.655000e+00 -2.628792e+00
6.660000e+00 -2.618901e+00
6.695000e+00 -2.676790e+00
7.232000e+00 -2.471786e+00
7.262000e+00 -2.537976e+00
7.272000e+00 -2.556961e+00
7.389000e+00 -2.593251e+00
7.487000e+00 -2.551022e+00
7.705000e+00 -2.782489e+00
7.793000e+00 -1.328002e+00
7.993000e+00 -2.568098e+00
8.115000e+00 -2.565526e+00
8.511000e+00 -1.869823e+00
8.648000e+00 -2.079960e+00
8.776000e+00 -1.347666e+00
8.939000e+00 -1.285855e+00
9.967000e+00 -2.607435e+00
1.060100e+01 -3.409753e+00
1.219300e+01 -2.647437e+00
1.311200e+01 -2.823030e+00
1.319700e+01 -2.823030e+00
1.371200e+01 -2.797062e+00
1.475000e+01 -3.784239e+00
1.540600e+01 -3.562635e+00
2.669000e+01 -4.014183e+00
