0.000000e+00 2.227594e-07
1.000000e+01 -6.620391e+00
2.000000e+01 -2.917188e+01
3.000000e+01 -2.922481e+01
4.000000e+01 -2.873563e+01
5.000000e+01 -2.839805e+01
6.000000e+01 -2.819963e+01
7.000000e+01 -2.806816e+01
8.000000e+01 -2.797429e+01
9.000000e+01 -2.790376e+01
1.000000e+02 -2.784874e+01
1.100000e+02 -2.780457e+01
1.200000e+02 -2.776831e+01
1.300000e+02 -2.773798e+01
1.400000e+02 -2.771224e+01
1.500000e+02 -2.769010e+01
1.600000e+02 -2.767086e+01
1.700000e+02 -2.765398e+01
1.800000e+02 -2.763904e+01
1.900000e+02 -2.762573e+01
2.000000e+02 -2.761379e+01
2.100000e+02 -2.760302e+01
2.200000e+02 -2.759325e+01
2.300000e+02 -2.758436e+01
2.400000e+02 -2.757622e+01
2.500000e+02 -2.756875e+01
2.600000e+02 -2.756186e+01
2.700000e+02 -2.755549e+01
2.800000e+02 -2.754959e+01
2.900000e+02 -2.754410e+01
3.000000e+02 -2.753898e+01
3.100000e+02 -2.753419e+01
3.200000e+02 -2.752971e+01
3.300000e+02 -2.752551e+01
3.400000e+02 -2.752155e+01
3.500000e+02 -2.751782e+01
3.600000e+02 -2.751430e+01
3.700000e+02 -2.751098e+01
3.800000e+02 -2.750783e+01
3.900000e+02 -2.750484e+01
4.000000e+02 -2.750200e+01
4.100000e+02 -2.749930e+01
4.200000e+02 -2.749674e+01
4.300000e+02 -2.749429e+01
4.400000e+02 -2.749195e+01
4.500000e+02 -2.748972e+01
4.600000e+02 -2.748759e+01
4.700000e+02 -2.748555e+01
4.800000e+02 -2.748359e+01
4.900000e+02 -2.748171e+01
5.000000e+02 -2.747991e+01
5.100000e+02 -2.747818e+01
5.200000e+02 -2.747652e+01
5.300000e+02 -2.747492e+01
5.400000e+02 -2.747338e+01
5.500000e+02 -2.747189e+01
5.600000e+02 -2.747046e+01
5.700000e+02 -2.746908e+01
5.800000e+02 -2.746775e+01
5.900000e+02 -2.746646e+01
6.000000e+02 -2.746522e+01
6.100000e+02 -2.746401e+01
6.200000e+02 -2.746285e+01
6.300000e+02 -2.746172e+01
6.400000e+02 -2.746063e+01
6.500000e+02 -2.745957e+01
6.600000e+02 -2.745854e+01
6.700000e+02 -2.745754e+01
6.800000e+02 -2.745658e+01
6.900000e+02 -2.745564e+01
7.000000e+02 -2.745473e+01
7.100000e+02 -2.745384e+01
7.200000e+02 -2.745298e+01
7.300000e+02 -2.745214e+01
7.400000e+02 -2.745133e+01
7.500000e+02 -2.745053e+01
7.600000e+02 -2.744976e+01
7.700000e+02 -2.744901e+01
7.800000e+02 -2.744827e+01
7.900000e+02 -2.744756e+01
8.000000e+02 -2.744686e+01
8.100000e+02 -2.744618e+01
8.200000e+02 -2.744552e+01
8.300000e+02 -2.744487e+01
8.400000e+02 -2.744424e+01
8.500000e+02 -2.744363e+01
8.600000e+02 -2.744302e+01
8.700000e+02 -2.744243e+01
8.800000e+02 -2.744186e+01
8.900000e+02 -2.744130e+01
9.000000e+02 -2.744075e+01
9.100000e+02 -2.744021e+01
9.200000e+02 -2.743968e+01
9.300000e+02 -2.743917e+01
9.400000e+02 -2.743867e+01
9.500000e+02 -2.743817e+01
9.600000e+02 -2.743769e+01
9.700000e+02 -2.743722e+01
9.800000e+02 -2.743675e+01
9.900000e+02 -2.743630e+01
1.000000e+03 -2.743586e+01
