2.280000e-01 1.391478e-06
8.430000e-01 -3.097789e-05
1.115000e+00 -4.685058e-05
1.260000e+00 -1.018913e-01
1.263000e+00 -1.104684e-01
1.461000e+00 -1.104656e-01
1.605000e+00 -1.104646e-01
2.110000e+00 -1.071913e-01
2.367000e+00 -1.100145e-01
3.023000e+00 -1.700738e-01
3.164000e+00 -1.627428e-01
3.635000e+00 -5.659714e-02
3.756000e+00 -1.081724e-02
4.001000e+00 9.345801e-02
4.192000e+00 1.440720e-01
4.342000e+00 2.292576e-01
4.474000e+00 2.629242e-01
4.528000e+00 2.207296e-01
4.559000e+00 1.922566e-01
4.703000e+00 -5.275756e-02
4.841000e+00 -1.357397e-01
4.901000e+00 -2.819662e-01
4.931000e+00 -3.710659e-01
4.935000e+00 -3.810579e-01
5.019000e+00 -4.658191e-01
5.036000e+00 -4.950671e-01
5.041000e+00 -5.030124e-01
5.049000e+00 -5.071763e-01
5.213000e+00 1.662700e-01
5.214000e+00 1.724814e-01
5.260000e+00 4.453485e-01
5.311000e+00 6.141561e-01
5.372000e+00 5.147216e-01
5.433000e+00 2.401470e-01
5.437000e+00 2.237355e-01
5.608000e+00 -5.101508e-02
5.640000e+00 3.900731e-02
5.807000e+00 -3.869441e-01
5.843000e+00 -6.113618e-01
5.921000e+00 -5.902320e-01
6.237000e+00 -1.886227e+00
6.245000e+00 -1.959468e+00
6.263000e+00 -2.118708e+00
6.329000e+00 -2.404828e+00
6.332000e+00 -2.413156e+00
6.427000e+00 -1.983302e+00
6.661000e+00 -1.450473e+00
6.737000e+00 -1.668935e+00
6.811000e+00 -1.484518e+00
6.906000e+00 -1.775729e+00
6.908000e+00 -1.779227e+00
7.091000e+00 -1.541401e+00
7.122000e+00 -1.646634e+00
7.527000e+00 -1.886186e+00
7.604000e+00 -1.936128e+00
7.783000e+00 -1.318950e+00
7.901000e+00 -1.059507e+00
8.031000e+00 -1.733823e+00
8.060000e+00 -2.210847e+00
8.097000e+00 -2.766376e+00
8.215000e+00 -2.973080e+00
8.247000e+00 -4.787088e+00
8.579000e+00 -4.705395e+00
8.618000e+00 -4.932808e+00
8.840000e+00 -7.396058e+00
8.849000e+00 -7.838951e+00
9.359000e+00 -7.815678e+00
1.105500e+01 -7.776660e+00
1.524000e+01 -8.070305e+00
5.522700e+01 -8.630869e+00
