2.280000e-01 1.068804e-05
8.440000e-01 -9.870752e-05
1.115000e+00 -1.594966e-04
1.260000e+00 -1.014742e-01
1.263000e+00 -1.100393e-01
1.461000e+00 -1.100143e-01
1.605000e+00 -1.100079e-01
2.110000e+00 -1.072898e-01
2.366000e+00 -1.109241e-01
3.023000e+00 -1.711237e-01
3.165000e+00 -1.637260e-01
3.635000e+00 -5.598674e-02
3.751000e+00 -1.241183e-02
4.000000e+00 9.319899e-02
4.193000e+00 1.439476e-01
4.345000e+00 2.311199e-01
4.476000e+00 2.636337e-01
4.529000e+00 2.227038e-01
4.560000e+00 1.941794e-01
4.702000e+00 -4.426087e-02
4.837000e+00 -1.348064e-01
4.909000e+00 -3.000460e-01
4.931000e+00 -3.647675e-01
4.937000e+00 -3.759415e-01
5.019000e+00 -4.586980e-01
5.036000e+00 -4.783238e-01
5.044000e+00 -4.914714e-01
5.056000e+00 -4.864721e-01
5.212000e+00 1.543494e-01
5.312000e+00 5.872651e-01
5.363000e+00 4.782449e-01
5.425000e+00 1.469188e-01
5.430000e+00 1.234975e-01
5.647000e+00 -1.651943e-01
5.881000e+00 -8.270746e-01
5.896000e+00 -8.744101e-01
5.970000e+00 -1.069196e+00
6.007000e+00 -1.232300e+00
6.056000e+00 -1.386761e+00
6.092000e+00 -1.416811e+00
6.176000e+00 -1.195973e+00
6.207000e+00 -1.169544e+00
6.238000e+00 -1.219981e+00
6.261000e+00 -1.264049e+00
6.266000e+00 -1.281857e+00
6.281000e+00 -1.369844e+00
6.373000e+00 -2.232948e+00
6.554000e+00 -4.819563e+00
6.565000e+00 -4.812183e+00
6.576000e+00 -4.823014e+00
6.654000e+00 -4.717180e+00
6.692000e+00 -4.653532e+00
6.764000e+00 -4.550780e+00
6.915000e+00 -4.501506e+00
7.097000e+00 -5.055360e+00
7.218000e+00 -7.415960e+00
7.605000e+00 -6.048832e+00
7.914000e+00 -9.073871e+00
8.138000e+00 -7.173644e+00
8.676000e+00 -6.807340e+00
9.277000e+00 -7.023672e+00
9.377000e+00 -7.139211e+00
1.033700e+01 -8.094245e+00
1.059900e+01 -7.548938e+00
1.247700e+01 -6.707153e+00
1.715900e+01 -7.047587e+00
3.958100e+01 -8.981678e+00
