0.000000e+00 3.630511e-16
1.000000e+01 -2.607435e+00
2.000000e+01 -3.787532e+00
3.000000e+01 -3.058422e+00
4.000000e+01 -4.172845e+00
5.000000e+01 -4.680696e+00
6.000000e+01 -5.011534e+00
7.000000e+01 -4.862364e+00
8.000000e+01 -4.860186e+00
9.000000e+01 -4.871604e+00
1.000000e+02 -4.880144e+00
1.100000e+02 -4.892507e+00
1.200000e+02 -4.900440e+00
1.300000e+02 -4.907339e+00
1.400000e+02 -4.907954e+00
1.500000e+02 -4.906769e+00
1.600000e+02 -4.904450e+00
1.700000e+02 -4.903239e+00
1.800000e+02 -4.902395e+00
1.900000e+02 -4.900201e+00
2.000000e+02 -4.897377e+00
2.100000e+02 -4.894542e+00
2.200000e+02 -4.891759e+00
2.300000e+02 -4.889186e+00
2.400000e+02 -4.886986e+00
2.500000e+02 -4.886079e+00
2.600000e+02 -4.888921e+00
2.700000e+02 -4.891081e+00
2.800000e+02 -4.893718e+00
2.900000e+02 -4.896865e+00
3.000000e+02 -4.896213e+00
3.100000e+02 -4.895607e+00
3.200000e+02 -4.895050e+00
3.300000e+02 -4.894771e+00
3.400000e+02 -4.894483e+00
3.500000e+02 -4.893950e+00
3.600000e+02 -4.893523e+00
3.700000e+02 -4.893149e+00
3.800000e+02 -4.893017e+00
3.900000e+02 -4.893138e+00
4.000000e+02 -4.893602e+00
4.100000e+02 -4.894140e+00
4.200000e+02 -4.894459e+00
4.300000e+02 -4.895189e+00
4.400000e+02 -4.896502e+00
4.500000e+02 -4.901064e+00
4.600000e+02 -4.909937e+00
4.700000e+02 -4.921206e+00
4.800000e+02 -4.935288e+00
4.900000e+02 -4.952295e+00
5.000000e+02 -4.971728e+00
5.100000e+02 -4.992369e+00
5.200000e+02 -5.012680e+00
5.300000e+02 -5.031476e+00
5.400000e+02 -5.048404e+00
5.500000e+02 -5.062590e+00
5.600000e+02 -5.070533e+00
5.700000e+02 -5.076861e+00
5.800000e+02 -5.081427e+00
5.900000e+02 -5.084079e+00
6.000000e+02 -5.084999e+00
6.100000e+02 -5.084517e+00
6.200000e+02 -5.083032e+00
6.300000e+02 -5.082923e+00
6.400000e+02 -5.085291e+00
6.500000e+02 -5.088781e+00
6.600000e+02 -5.091443e+00
6.700000e+02 -5.093532e+00
6.800000e+02 -5.095212e+00
6.900000e+02 -5.096592e+00
7.000000e+02 -5.097748e+00
7.100000e+02 -5.098733e+00
7.200000e+02 -5.099586e+00
7.300000e+02 -5.100361e+00
7.400000e+02 -5.107368e+00
7.500000e+02 -5.356747e+00
7.600000e+02 -5.608826e+00
7.700000e+02 -5.862886e+00
7.800000e+02 -6.118442e+00
7.900000e+02 -6.375189e+00
8.000000e+02 -6.632960e+00
8.100000e+02 -6.891694e+00
8.200000e+02 -7.151415e+00
8.300000e+02 -7.412212e+00
8.400000e+02 -7.674222e+00
8.500000e+02 -7.937621e+00
8.600000e+02 -8.202605e+00
8.700000e+02 -8.469361e+00
8.800000e+02 -8.738165e+00
8.900000e+02 -9.009909e+00
9.000000e+02 -9.286902e+00
9.100000e+02 -9.566738e+00
9.200000e+02 -9.849548e+00
9.300000e+02 -1.013594e+01
9.400000e+02 -1.042838e+01
9.500000e+02 -1.072421e+01
9.600000e+02 -1.102363e+01
9.700000e+02 -1.132712e+01
9.800000e+02 -1.163529e+01
9.900000e+02 -1.194885e+01
1.000000e+03 -1.226858e+01
