2.280000e-01 2.036559e-04
8.440000e-01 4.849295e-04
1.115000e+00 4.722718e-04
1.261000e+00 -1.037685e-01
1.263000e+00 -1.097474e-01
1.461000e+00 -1.101270e-01
1.607000e+00 -1.102019e-01
2.107000e+00 -1.094654e-01
2.369000e+00 -1.150489e-01
3.022000e+00 -1.745990e-01
3.167000e+00 -1.697122e-01
3.638000e+00 -6.421476e-02
3.787000e+00 -1.008093e-02
3.982000e+00 9.092995e-02
4.184000e+00 1.276571e-01
4.322000e+00 2.056481e-01
4.476000e+00 2.516737e-01
4.525000e+00 2.156255e-01
4.553000e+00 1.847244e-01
4.570000e+00 1.622705e-01
4.841000e+00 -1.110637e-01
4.899000e+00 -3.130614e-01
4.922000e+00 -3.980696e-01
4.937000e+00 -5.034844e-01
4.972000e+00 -5.649834e-01
5.005000e+00 -6.511285e-01
5.024000e+00 -7.287571e-01
5.072000e+00 -9.772273e-01
5.135000e+00 -1.056579e+00
5.148000e+00 -1.156756e+00
5.221000e+00 -1.229716e+00
5.229000e+00 -1.232565e+00
5.314000e+00 -1.046257e+00
5.317000e+00 -1.043373e+00
5.359000e+00 -1.095238e+00
5.411000e+00 -1.168095e+00
5.619000e+00 -2.191565e+00
5.626000e+00 -2.168427e+00
5.627000e+00 -2.170769e+00
5.661000e+00 -2.174720e+00
6.098000e+00 -1.344276e+00
6.306000e+00 -1.397947e+00
6.344000e+00 -1.493683e+00
6.416000e+00 -1.626839e+00
6.432000e+00 -1.663559e+00
6.599000e+00 -1.714730e+00
6.705000e+00 -1.524676e+00
6.724000e+00 -1.524338e+00
6.871000e+00 -1.413036e+00
7.162000e+00 -2.396205e+00
7.268000e+00 -2.637142e+00
7.339000e+00 -2.821252e+00
7.447000e+00 -2.913403e+00
7.943000e+00 -3.907574e+00
8.055000e+00 -3.920638e+00
8.252000e+00 -3.959793e+00
8.332000e+00 -3.897129e+00
8.392000e+00 -3.752233e+00
8.678000e+00 -4.138226e+00
8.776000e+00 -4.983527e+00
8.782000e+00 -5.036375e+00
9.082000e+00 -6.124154e+00
9.192000e+00 -6.232142e+00
9.224000e+00 -6.724308e+00
9.260000e+00 -6.731207e+00
9.373000e+00 -6.720175e+00
9.509000e+00 -7.141382e+00
9.855000e+00 -8.627740e+00
1.033800e+01 -9.235974e+00
1.074400e+01 -7.819288e+00
1.082900e+01 -7.819314e+00
1.126600e+01 -7.073471e+00
1.153100e+01 -7.073370e+00
1.158700e+01 -7.073308e+00
1.213600e+01 -6.994368e+00
1.243600e+01 -7.023427e+00
2.174100e+01 -1.092644e+01
