0.000000e+00 3.630511e-16
1.000000e+01 -2.607435e+00
2.000000e+01 -3.787438e+00
3.000000e+01 -3.031675e+00
4.000000e+01 -4.641737e+00
5.000000e+01 -4.853474e+00
6.000000e+01 -6.067179e+00
7.000000e+01 -5.196472e+00
8.000000e+01 -4.938772e+00
9.000000e+01 -4.878596e+00
1.000000e+02 -5.952146e+00
1.100000e+02 -5.894323e+00
1.200000e+02 -5.870380e+00
1.300000e+02 -5.864735e+00
1.400000e+02 -5.867912e+00
1.500000e+02 -5.883583e+00
1.600000e+02 -5.897089e+00
1.700000e+02 -5.907369e+00
1.800000e+02 -5.915153e+00
1.900000e+02 -5.920776e+00
2.000000e+02 -5.925426e+00
2.100000e+02 -5.929526e+00
2.200000e+02 -5.936139e+00
2.300000e+02 -5.952299e+00
2.400000e+02 -5.983338e+00
2.500000e+02 -6.005804e+00
2.600000e+02 -6.014198e+00
2.700000e+02 -6.008232e+00
2.800000e+02 -5.993277e+00
2.900000e+02 -5.974261e+00
3.000000e+02 -5.957031e+00
3.100000e+02 -5.943410e+00
3.200000e+02 -5.935966e+00
3.300000e+02 -5.928632e+00
3.400000e+02 -5.921601e+00
3.500000e+02 -5.914839e+00
3.600000e+02 -5.897226e+00
3.700000e+02 -5.873794e+00
3.800000e+02 -5.851509e+00
3.900000e+02 -5.882302e+00
4.000000e+02 -6.167770e+00
4.100000e+02 -6.590830e+00
4.200000e+02 -6.861723e+00
4.300000e+02 -7.106377e+00
4.400000e+02 -7.923735e+00
4.500000e+02 -5.770385e+00
4.600000e+02 -5.670206e+00
4.700000e+02 -5.660924e+00
4.800000e+02 -5.678468e+00
4.900000e+02 -5.712577e+00
5.000000e+02 -5.758621e+00
5.100000e+02 -5.804069e+00
5.200000e+02 -5.841110e+00
5.300000e+02 -5.865756e+00
5.400000e+02 -5.884255e+00
5.500000e+02 -5.903396e+00
5.600000e+02 -5.926464e+00
5.700000e+02 -5.955310e+00
5.800000e+02 -5.987209e+00
5.900000e+02 -6.020611e+00
6.000000e+02 -6.060344e+00
6.100000e+02 -6.104944e+00
6.200000e+02 -6.144434e+00
6.300000e+02 -6.174763e+00
6.400000e+02 -6.198558e+00
6.500000e+02 -6.214602e+00
6.600000e+02 -6.218163e+00
6.700000e+02 -6.208582e+00
6.800000e+02 -6.190015e+00
6.900000e+02 -6.167134e+00
7.000000e+02 -6.143391e+00
7.100000e+02 -6.121345e+00
7.200000e+02 -6.097089e+00
7.300000e+02 -6.059240e+00
7.400000e+02 -6.014031e+00
7.500000e+02 -5.967359e+00
7.600000e+02 -5.933433e+00
7.700000e+02 -5.900586e+00
7.800000e+02 -5.863971e+00
7.900000e+02 -5.814505e+00
8.000000e+02 -5.746331e+00
8.100000e+02 -8.528111e+00
8.200000e+02 -7.825162e+00
8.300000e+02 -7.562560e+00
8.400000e+02 -7.447350e+00
8.500000e+02 -7.382569e+00
8.600000e+02 -7.342382e+00
8.700000e+02 -7.328380e+00
8.800000e+02 -7.340845e+00
8.900000e+02 -7.371417e+00
9.000000e+02 -7.356516e+00
9.100000e+02 -7.271418e+00
9.200000e+02 -7.178223e+00
9.300000e+02 -7.087939e+00
9.400000e+02 -7.021486e+00
9.500000e+02 -7.085855e+00
9.600000e+02 -7.461815e+00
9.700000e+02 -7.973899e+00
9.800000e+02 -8.330182e+00
9.900000e+02 -8.542455e+00
1.000000e+03 -8.668307e+00
