0.000000e+00 2.227906e-06
1.000000e+01 -8.712154e+00
2.000000e+01 -1.065020e+01
3.000000e+01 -1.102542e+01
4.000000e+01 -1.184421e+01
5.000000e+01 -1.095981e+01
6.000000e+01 -3.407936e+01
7.000000e+01 -1.112808e+01
8.000000e+01 -2.712263e+01
9.000000e+01 -3.155887e+01
1.000000e+02 -3.218678e+01
1.100000e+02 -3.130015e+01
1.200000e+02 -3.084929e+01
1.300000e+02 -3.059828e+01
1.400000e+02 -3.043052e+01
1.500000e+02 -3.030912e+01
1.600000e+02 -3.021719e+01
1.700000e+02 -3.014522e+01
1.800000e+02 -3.008740e+01
1.900000e+02 -3.003995e+01
2.000000e+02 -3.000032e+01
2.100000e+02 -2.996674e+01
2.200000e+02 -2.993791e+01
2.300000e+02 -2.991291e+01
2.400000e+02 -2.989101e+01
2.500000e+02 -2.987167e+01
2.600000e+02 -2.985447e+01
2.700000e+02 -2.983908e+01
2.800000e+02 -2.982521e+01
2.900000e+02 -2.981267e+01
3.000000e+02 -2.980125e+01
3.100000e+02 -2.979083e+01
3.200000e+02 -2.978127e+01
3.300000e+02 -2.977248e+01
3.400000e+02 -2.976435e+01
3.500000e+02 -2.975683e+01
3.600000e+02 -2.974985e+01
3.700000e+02 -2.974334e+01
3.800000e+02 -2.973726e+01
3.900000e+02 -2.973158e+01
4.000000e+02 -2.972625e+01
4.100000e+02 -2.972124e+01
4.200000e+02 -2.971653e+01
4.300000e+02 -2.971208e+01
4.400000e+02 -2.970788e+01
4.500000e+02 -2.970391e+01
4.600000e+02 -2.970014e+01
4.700000e+02 -2.969657e+01
4.800000e+02 -2.969317e+01
4.900000e+02 -2.968994e+01
5.000000e+02 -2.968687e+01
5.100000e+02 -2.968393e+01
5.200000e+02 -2.968113e+01
5.300000e+02 -2.967846e+01
5.400000e+02 -2.967589e+01
5.500000e+02 -2.967344e+01
5.600000e+02 -2.967109e+01
5.700000e+02 -2.966884e+01
5.800000e+02 -2.966667e+01
5.900000e+02 -2.966459e+01
6.000000e+02 -2.966259e+01
6.100000e+02 -2.966067e+01
6.200000e+02 -2.965881e+01
6.300000e+02 -2.965702e+01
6.400000e+02 -2.965530e+01
6.500000e+02 -2.965364e+01
6.600000e+02 -2.965203e+01
6.700000e+02 -2.965048e+01
6.800000e+02 -2.964898e+01
6.900000e+02 -2.964753e+01
7.000000e+02 -2.964612e+01
7.100000e+02 -2.964476e+01
7.200000e+02 -2.964344e+01
7.300000e+02 -2.964217e+01
7.400000e+02 -2.964093e+01
7.500000e+02 -2.963973e+01
7.600000e+02 -2.963856e+01
7.700000e+02 -2.963743e+01
7.800000e+02 -2.963633e+01
7.900000e+02 -2.963526e+01
8.000000e+02 -2.963422e+01
8.100000e+02 -2.963320e+01
8.200000e+02 -2.963222e+01
8.300000e+02 -2.963126e+01
8.400000e+02 -2.963033e+01
8.500000e+02 -2.962942e+01
8.600000e+02 -2.962853e+01
8.700000e+02 -2.962767e+01
8.800000e+02 -2.962683e+01
8.900000e+02 -2.962601e+01
9.000000e+02 -2.962520e+01
9.100000e+02 -2.962442e+01
9.200000e+02 -2.962366e+01
9.300000e+02 -2.962291e+01
9.400000e+02 -2.962219e+01
9.500000e+02 -2.962147e+01
9.600000e+02 -2.962078e+01
9.700000e+02 -2.962010e+01
9.800000e+02 -2.961943e+01
9.900000e+02 -2.961878e+01
1.000000e+03 -2.961815e+01
