5.000000e-01 2.565294e-04
1.000000e+00 4.781008e-05
1.500000e+00 1.461342e-05
2.000000e+00 7.257356e-06
2.500000e+00 2.208651e-06
3.000000e+00 1.192724e-06
3.500000e+00 6.250918e-07
4.000000e+00 4.440123e-07
4.500000e+00 3.239881e-07
5.000000e+00 2.317037e-07
5.500000e+00 1.473542e-07
6.000000e+00 1.140708e-07
6.500000e+00 8.967429e-08
7.000000e+00 8.703078e-08
7.500000e+00 5.969755e-08
8.000000e+00 4.224060e-08
8.500000e+00 3.484038e-08
9.000000e+00 2.707894e-08
9.500000e+00 2.130722e-08
1.000000e+01 1.728730e-08
1.050000e+01 1.366395e-08
1.100000e+01 1.234032e-08
1.150000e+01 1.217516e-08
1.200000e+01 1.038857e-08
1.250000e+01 8.805009e-09
1.300000e+01 8.028002e-09
1.350000e+01 6.692863e-09
1.400000e+01 5.102989e-09
1.450000e+01 4.243660e-09
1.500000e+01 4.039556e-09
1.550000e+01 3.757844e-09
1.600000e+01 3.451205e-09
1.650000e+01 3.260188e-09
1.700000e+01 3.139579e-09
1.750000e+01 2.801974e-09
1.800000e+01 2.633078e-09
1.850000e+01 2.280418e-09
1.900000e+01 2.081149e-09
1.950000e+01 1.871143e-09
2.000000e+01 1.672866e-09
2.050000e+01 1.529707e-09
2.100000e+01 1.401062e-09
2.150000e+01 1.315336e-09
2.200000e+01 1.227068e-09
2.250000e+01 1.161010e-09
2.300000e+01 9.975852e-10
2.350000e+01 8.698319e-10
2.400000e+01 7.158875e-10
2.450000e+01 6.817444e-10
