1.000000e+00 7.818288e-01
1.250000e+00 7.419835e-01
1.500000e+00 6.975183e-01
1.750000e+00 6.535399e-01
2.000000e+00 6.073440e-01
2.250000e+00 5.551452e-01
2.500000e+00 5.066873e-01
2.750000e+00 4.619967e-01
3.000000e+00 4.184656e-01
3.250000e+00 3.750741e-01
3.500000e+00 3.391042e-01
3.750000e+00 3.086482e-01
4.000000e+00 2.809170e-01
4.250000e+00 2.556635e-01
4.500000e+00 2.327119e-01
4.750000e+00 2.113332e-01
5.000000e+00 1.913738e-01
5.250000e+00 1.726706e-01
5.500000e+00 1.552076e-01
5.750000e+00 1.397304e-01
6.000000e+00 1.258168e-01
6.250000e+00 1.130830e-01
6.500000e+00 1.020325e-01
6.750000e+00 9.260550e-02
7.000000e+00 8.442189e-02
7.250000e+00 7.790379e-02
7.500000e+00 7.208003e-02
7.750000e+00 6.702279e-02
