1.000000e+00 3.920089e-03
1.250000e+00 9.938303e-04
1.500000e+00 5.489886e-04
1.750000e+00 2.806326e-04
2.000000e+00 1.570131e-04
2.250000e+00 9.214159e-05
2.500000e+00 5.140086e-05
2.750000e+00 2.818548e-05
3.000000e+00 1.578353e-05
3.250000e+00 9.231011e-06
3.500000e+00 6.195216e-06
3.750000e+00 4.372949e-06
4.000000e+00 3.116488e-06
4.250000e+00 2.192320e-06
4.500000e+00 1.537838e-06
4.750000e+00 1.087079e-06
5.000000e+00 7.633130e-07
5.250000e+00 5.357512e-07
5.500000e+00 3.779316e-07
5.750000e+00 2.620796e-07
6.000000e+00 1.798087e-07
6.250000e+00 1.200550e-07
6.500000e+00 7.650437e-08
6.750000e+00 4.489972e-08
7.000000e+00 2.266140e-08
7.250000e+00 1.117482e-08
7.500000e+00 5.571033e-09
7.750000e+00 2.753527e-09
