1.000000e+00 9.325217e-01
1.250000e+00 9.268711e-01
1.500000e+00 9.203996e-01
1.750000e+00 9.122886e-01
2.000000e+00 9.034873e-01
2.250000e+00 8.938020e-01
2.500000e+00 8.831729e-01
2.750000e+00 8.715109e-01
3.000000e+00 8.590969e-01
3.250000e+00 8.458797e-01
3.500000e+00 8.319819e-01
3.750000e+00 8.174721e-01
4.000000e+00 8.022727e-01
4.250000e+00 7.867245e-01
4.500000e+00 7.705265e-01
4.750000e+00 7.537968e-01
5.000000e+00 7.367306e-01
5.250000e+00 7.195904e-01
5.500000e+00 7.021195e-01
5.750000e+00 6.843766e-01
6.000000e+00 6.665930e-01
6.250000e+00 6.486575e-01
6.500000e+00 6.307241e-01
6.750000e+00 6.127506e-01
7.000000e+00 5.948730e-01
7.250000e+00 5.771787e-01
7.500000e+00 5.596479e-01
7.750000e+00 5.423036e-01
