1.000000 0.271171
1.250000 0.420126
1.500000 0.605100
1.750000 0.795436
2.000000 1.011892
2.250000 1.154454
2.500000 1.347677
2.750000 1.543717
3.000000 1.777358
3.250000 1.934012
3.500000 2.090390
3.750000 2.217349
4.000000 2.326574
4.250000 2.486802
4.500000 2.494707
4.750000 2.579805
5.000000 2.729310
5.250000 2.702021
5.500000 2.786844
5.750000 2.882664
6.000000 3.047704
6.250000 2.959376
6.500000 3.022477
6.750000 3.036844
7.000000 3.076368
7.250000 3.221199
7.500000 3.136307
7.750000 3.164490
8.000000 3.193222
8.250000 3.189579
8.500000 3.292274
8.750000 3.415659
9.000000 3.293649
9.250000 3.277633
9.500000 3.286500
9.750000 3.267459
