1.000000 0.036094
1.250000 0.063344
1.500000 0.098649
1.750000 0.133703
2.000000 0.180877
2.250000 0.234699
2.500000 0.298105
2.750000 0.369050
3.000000 0.447701
3.250000 0.524418
3.500000 0.628584
3.750000 0.736095
4.000000 0.834753
4.250000 0.934074
4.500000 1.055779
4.750000 1.163624
5.000000 1.269773
5.250000 1.502925
5.500000 1.627540
5.750000 1.751960
6.000000 1.913178
6.250000 1.997919
6.500000 1.950966
6.750000 2.174748
7.000000 2.723318
7.250000 2.981339
7.500000 3.153634
7.750000 3.110165
8.000000 3.332354
8.250000 3.472322
8.500000 3.624133
8.750000 3.727039
9.000000 3.879218
9.250000 3.995195
9.500000 3.908335
9.750000 3.982670
