1.000000 0.055145
1.250000 0.094849
1.500000 0.150656
1.750000 0.202167
2.000000 0.277724
2.250000 0.350572
2.500000 0.461102
2.750000 0.803258
3.000000 0.652201
3.250000 0.779172
3.500000 0.918871
3.750000 0.981789
4.000000 1.076314
4.250000 1.252125
4.500000 1.427478
4.750000 1.529984
5.000000 1.643501
5.250000 1.800675
5.500000 1.927146
5.750000 2.115651
6.000000 2.177074
6.250000 2.245704
6.500000 2.403685
6.750000 2.525813
7.000000 2.666439
7.250000 2.876074
7.500000 2.978627
7.750000 3.088302
8.000000 3.263316
8.250000 4.180830
8.500000 4.300777
8.750000 4.354403
9.000000 4.507102
9.250000 4.575606
9.500000 4.869677
9.750000 4.878055
