1.000000 0.287336
1.250000 0.431864
1.500000 0.612575
1.750000 0.795350
2.000000 0.973034
2.250000 1.191511
2.500000 1.353030
2.750000 1.553622
3.000000 1.748779
3.250000 1.938846
3.500000 2.102841
3.750000 2.303157
4.000000 2.551902
4.250000 2.439499
4.500000 2.528169
4.750000 2.593038
5.000000 2.683979
5.250000 2.904244
5.500000 2.932655
5.750000 3.004403
6.000000 2.899429
6.250000 2.980601
6.500000 3.209466
6.750000 3.082548
7.000000 3.149481
7.250000 3.146660
7.500000 3.186283
7.750000 3.182981
8.000000 3.381440
8.250000 3.348352
8.500000 3.262021
8.750000 3.255417
9.000000 3.287267
9.250000 3.286098
9.500000 3.353374
9.750000 3.314439
