1.000000 0.175836
1.250000 0.271304
1.500000 0.438867
1.750000 0.563493
2.000000 0.747531
2.250000 0.905291
2.500000 1.106774
2.750000 1.259828
3.000000 1.443741
3.250000 1.637569
3.500000 1.791677
3.750000 1.942821
4.000000 2.105398
4.250000 2.193070
4.500000 2.286318
4.750000 2.402025
5.000000 2.524811
5.250000 2.623411
5.500000 2.685998
5.750000 2.815947
6.000000 2.893844
6.250000 3.005674
6.500000 3.067882
6.750000 3.145399
7.000000 3.162423
7.250000 3.276697
7.500000 3.289984
7.750000 3.345899
8.000000 3.404525
8.250000 3.360142
8.500000 3.403430
8.750000 3.405326
9.000000 3.466171
9.250000 3.519292
9.500000 3.494290
9.750000 3.527438
