1.000000e+00 3.241852e-03
1.250000e+00 2.283861e-04
1.500000e+00 3.427415e-05
1.750000e+00 4.850571e-06
2.000000e+00 1.102131e-06
2.250000e+00 2.426305e-07
2.500000e+00 4.884519e-08
2.750000e+00 3.482596e-09
3.000000e+00 8.060827e-11
3.250000e+00 6.069016e-13
3.500000e+00 2.571959e-16
3.750000e+00 1.817750e-28
4.000000e+00 1.817750e-28
4.250000e+00 1.817750e-28
4.500000e+00 1.817750e-28
4.750000e+00 1.817750e-28
5.000000e+00 1.817750e-28
5.250000e+00 1.817750e-28
5.500000e+00 1.817750e-28
5.750000e+00 1.817750e-28
6.000000e+00 1.817750e-28
6.250000e+00 1.817750e-28
6.500000e+00 1.817750e-28
6.750000e+00 1.817750e-28
7.000000e+00 1.817750e-28
7.250000e+00 1.817750e-28
7.500000e+00 1.817750e-28
7.750000e+00 1.817750e-28
