1.000000e+00 7.769416e-04
1.250000e+00 1.978723e-04
1.500000e+00 9.171330e-05
1.750000e+00 4.396325e-05
2.000000e+00 2.329817e-05
2.250000e+00 1.275370e-05
2.500000e+00 6.854845e-06
2.750000e+00 3.613717e-06
3.000000e+00 1.987792e-06
3.250000e+00 1.135132e-06
3.500000e+00 7.451501e-07
3.750000e+00 5.221533e-07
4.000000e+00 3.670511e-07
4.250000e+00 2.557383e-07
4.500000e+00 1.764322e-07
4.750000e+00 1.231884e-07
5.000000e+00 8.606118e-08
5.250000e+00 5.968758e-08
5.500000e+00 4.204040e-08
5.750000e+00 2.916392e-08
6.000000e+00 1.991969e-08
6.250000e+00 1.327279e-08
6.500000e+00 8.438006e-09
6.750000e+00 4.948277e-09
7.000000e+00 2.560576e-09
7.250000e+00 1.278781e-09
7.500000e+00 6.395955e-10
7.750000e+00 3.289731e-10
