1.000000e+00 4.564369e-04
2.000000e+00 5.601929e-05
3.000000e+00 1.798368e-05
4.000000e+00 7.875607e-06
5.000000e+00 3.832280e-06
6.000000e+00 1.950257e-06
7.000000e+00 1.137353e-06
8.000000e+00 6.764503e-07
9.000000e+00 3.998540e-07
1.000000e+01 2.566279e-07
1.100000e+01 1.700946e-07
1.200000e+01 1.288170e-07
1.300000e+01 9.378602e-08
1.400000e+01 7.068014e-08
1.500000e+01 5.402249e-08
1.600000e+01 4.395358e-08
1.700000e+01 3.586025e-08
1.800000e+01 2.914255e-08
1.900000e+01 2.287990e-08
2.000000e+01 1.927061e-08
2.100000e+01 1.580112e-08
2.200000e+01 1.304246e-08
2.300000e+01 1.038069e-08
2.400000e+01 8.799783e-09
