1.000000e+00 2.479964e-07
1.250000e+00 1.443182e-08
1.500000e+00 1.638298e-09
1.750000e+00 2.362020e-10
2.000000e+00 3.692458e-11
2.250000e+00 7.207622e-12
2.500000e+00 1.038545e-12
2.750000e+00 6.594505e-14
3.000000e+00 1.476358e-15
3.250000e+00 1.934903e-18
3.500000e+00 5.741583e-35
3.750000e+00 5.741583e-35
4.000000e+00 5.741583e-35
4.250000e+00 5.741583e-35
4.500000e+00 5.741583e-35
4.750000e+00 5.741583e-35
5.000000e+00 5.741583e-35
5.250000e+00 5.741583e-35
5.500000e+00 5.741583e-35
5.750000e+00 5.741583e-35
6.000000e+00 5.741583e-35
6.250000e+00 5.741583e-35
6.500000e+00 5.741583e-35
6.750000e+00 5.741583e-35
7.000000e+00 5.741583e-35
7.250000e+00 5.741583e-35
7.500000e+00 5.741583e-35
7.750000e+00 5.741583e-35
