1.000000e-02 3.754212e+00
5.000000e-03 1.339745e+01
2.500000e-03 5.711761e-01
1.250000e-03 3.963178e-04
6.250000e-04 1.271978e-05
3.125000e-04 1.253055e-06
1.562500e-04 1.514521e-07
7.812500e-05 1.889125e-08
3.906250e-05 2.361015e-09
1.953125e-05 2.951201e-10
9.765625e-06 3.688985e-11
4.882813e-06 4.611226e-12
2.441406e-06 5.764031e-13
1.220703e-06 7.205038e-14
6.103516e-07 9.006310e-15
3.051758e-07 1.125793e-15
1.525879e-07 1.407260e-16
7.629395e-08 1.759743e-17
3.814697e-08 2.203708e-18
1.907349e-08 2.850811e-19
