GRAPH 1.000000e+00 3.565206e-02 980 1199
GRAPH 1.200000e+00 3.565206e-02 1204 1297
GRAPH 1.440000e+00 3.565206e-02 1492 1419
GRAPH 1.728000e+00 2.645210e-02 1834 1531
GRAPH 2.073600e+00 2.449580e-02 2191 1697
GRAPH 2.488320e+00 1.596663e-02 2709 1857
GRAPH 2.985984e+00 9.273254e-03 3222 1964
GRAPH 3.583181e+00 6.991547e-03 3687 2037
GRAPH 4.299817e+00 5.304823e-03 4192 2058
GRAPH 5.159780e+00 6.073873e-03 4683 1935
GRAPH 6.191736e+00 4.002066e-03 5208 1757
GRAPH 7.430084e+00 3.056257e-03 5742 1547
GRAPH 8.916100e+00 1.657147e-03 6291 1339
GRAPH 1.069932e+01 1.421831e-03 6917 1124
GRAPH 1.283918e+01 1.423577e-03 7547 904
GRAPH 1.540702e+01 9.547894e-04 8158 686
GRAPH 1.848843e+01 1.083373e-03 8598 524
GRAPH 2.218611e+01 9.568033e-04 8917 417
