0.000000e+00 2.190091e-16
1.000000e-02 0.000000e+00
2.000000e-02 4.380182e-16
3.000000e-02 4.380182e-16
4.000000e-02 2.190091e-16
5.000000e-02 4.380182e-16
6.000000e-02 4.380182e-16
7.000000e-02 6.570273e-16
8.000000e-02 0.000000e+00
9.000000e-02 -4.380182e-16
1.000000e-01 0.000000e+00
1.100000e-01 0.000000e+00
1.200000e-01 2.190091e-16
1.300000e-01 2.190091e-16
1.400000e-01 4.380182e-16
1.500000e-01 4.380182e-16
1.600000e-01 4.380182e-16
1.700000e-01 6.570273e-16
1.800000e-01 8.760364e-16
1.900000e-01 4.380182e-16
2.000000e-01 6.570273e-16
2.100000e-01 8.760364e-16
2.200000e-01 6.570273e-16
2.300000e-01 4.380182e-16
2.400000e-01 4.380182e-16
2.500000e-01 4.380182e-16
2.600000e-01 6.570273e-16
2.700000e-01 6.570273e-16
2.800000e-01 6.570273e-16
2.900000e-01 6.570273e-16
3.000000e-01 6.570273e-16
3.100000e-01 4.380182e-16
3.200000e-01 6.570273e-16
3.300000e-01 6.570273e-16
3.400000e-01 4.380182e-16
3.500000e-01 6.570273e-16
3.600000e-01 8.760364e-16
3.700000e-01 1.095046e-15
3.800000e-01 8.760364e-16
3.900000e-01 8.760364e-16
4.000000e-01 1.095046e-15
4.100000e-01 1.314055e-15
4.200000e-01 8.760364e-16
4.300000e-01 1.095046e-15
4.400000e-01 1.314055e-15
4.500000e-01 1.095046e-15
4.600000e-01 1.095046e-15
4.700000e-01 1.533064e-15
4.800000e-01 1.314055e-15
4.900000e-01 1.095046e-15
5.000000e-01 1.314055e-15
5.100000e-01 1.314055e-15
5.200000e-01 1.752073e-15
5.300000e-01 1.752073e-15
5.400000e-01 1.971082e-15
5.500000e-01 2.190091e-15
5.600000e-01 1.971082e-15
5.700000e-01 1.971082e-15
5.800000e-01 1.752073e-15
5.900000e-01 2.409100e-15
6.000000e-01 2.190091e-15
6.100000e-01 1.971082e-15
6.200000e-01 2.190091e-15
6.300000e-01 2.409100e-15
6.400000e-01 2.190091e-15
6.500000e-01 2.409100e-15
6.600000e-01 2.190091e-15
6.700000e-01 2.190091e-15
6.800000e-01 2.409100e-15
6.900000e-01 2.190091e-15
7.000000e-01 2.190091e-15
7.100000e-01 2.190091e-15
7.200000e-01 1.752073e-15
7.300000e-01 1.752073e-15
7.400000e-01 1.752073e-15
7.500000e-01 1.971082e-15
7.600000e-01 1.533064e-15
7.700000e-01 1.533064e-15
7.800000e-01 1.533064e-15
7.900000e-01 1.752073e-15
8.000000e-01 2.190091e-15
8.100000e-01 2.190091e-15
8.200000e-01 2.409100e-15
8.300000e-01 2.409100e-15
8.400000e-01 2.409100e-15
8.500000e-01 2.190091e-15
8.600000e-01 2.409100e-15
8.700000e-01 1.971082e-15
8.800000e-01 2.190091e-15
8.900000e-01 1.971082e-15
9.000000e-01 1.752073e-15
9.100000e-01 1.314055e-15
9.200000e-01 1.314055e-15
9.300000e-01 1.095046e-15
9.400000e-01 1.314055e-15
9.500000e-01 1.533064e-15
9.600000e-01 1.533064e-15
9.700000e-01 1.314055e-15
9.800000e-01 1.095046e-15
9.900000e-01 1.095046e-15
1.000000e+00 1.314055e-15
1.010000e+00 1.533064e-15
1.020000e+00 1.533064e-15
1.030000e+00 1.314055e-15
1.040000e+00 1.533064e-15
1.050000e+00 1.752073e-15
1.060000e+00 1.752073e-15
1.070000e+00 1.752073e-15
1.080000e+00 1.752073e-15
1.090000e+00 1.971082e-15
1.100000e+00 1.314055e-15
1.110000e+00 1.314055e-15
1.120000e+00 1.533064e-15
1.130000e+00 1.752073e-15
1.140000e+00 2.190091e-15
1.150000e+00 1.971082e-15
1.160000e+00 2.190091e-15
1.170000e+00 2.409100e-15
1.180000e+00 2.628109e-15
1.190000e+00 2.628109e-15
1.200000e+00 2.847118e-15
1.210000e+00 2.847118e-15
1.220000e+00 2.628109e-15
1.230000e+00 2.628109e-15
1.240000e+00 2.409100e-15
1.250000e+00 2.409100e-15
1.260000e+00 2.409100e-15
1.270000e+00 2.847118e-15
1.280000e+00 2.409100e-15
1.290000e+00 2.190091e-15
1.300000e+00 2.409100e-15
1.310000e+00 2.190091e-15
1.320000e+00 1.971082e-15
1.330000e+00 1.971082e-15
1.340000e+00 1.971082e-15
1.350000e+00 1.971082e-15
1.360000e+00 2.190091e-15
1.370000e+00 2.628109e-15
1.380000e+00 3.066127e-15
1.390000e+00 3.066127e-15
1.400000e+00 3.066127e-15
1.410000e+00 3.285137e-15
1.420000e+00 3.285137e-15
1.430000e+00 2.628109e-15
1.440000e+00 3.285137e-15
1.450000e+00 3.285137e-15
1.460000e+00 3.285137e-15
1.470000e+00 3.285137e-15
1.480000e+00 3.066127e-15
1.490000e+00 3.066127e-15
1.500000e+00 2.847118e-15
1.510000e+00 3.066127e-15
1.520000e+00 3.066127e-15
1.530000e+00 3.066127e-15
1.540000e+00 3.066127e-15
1.550000e+00 3.285137e-15
1.560000e+00 3.285137e-15
1.570000e+00 3.504146e-15
1.580000e+00 2.847118e-15
1.590000e+00 3.066127e-15
1.600000e+00 3.066127e-15
1.610000e+00 3.285137e-15
1.620000e+00 3.285137e-15
1.630000e+00 3.504146e-15
1.640000e+00 3.504146e-15
1.650000e+00 3.066127e-15
1.660000e+00 2.847118e-15
1.670000e+00 3.066127e-15
1.680000e+00 2.628109e-15
1.690000e+00 2.847118e-15
1.700000e+00 2.847118e-15
1.710000e+00 2.847118e-15
1.720000e+00 2.409100e-15
1.730000e+00 2.628109e-15
1.740000e+00 3.066127e-15
1.750000e+00 3.066127e-15
1.760000e+00 3.066127e-15
1.770000e+00 3.066127e-15
1.780000e+00 3.504146e-15
1.790000e+00 3.285137e-15
1.800000e+00 3.066127e-15
1.810000e+00 3.723155e-15
1.820000e+00 3.285137e-15
1.830000e+00 3.066127e-15
1.840000e+00 2.847118e-15
1.850000e+00 3.066127e-15
1.860000e+00 2.847118e-15
1.870000e+00 2.847118e-15
1.880000e+00 2.628109e-15
1.890000e+00 2.847118e-15
1.900000e+00 2.628109e-15
1.910000e+00 2.847118e-15
1.920000e+00 2.847118e-15
1.930000e+00 3.066127e-15
1.940000e+00 3.285137e-15
1.950000e+00 3.066127e-15
1.960000e+00 3.066127e-15
1.970000e+00 3.066127e-15
1.980000e+00 3.285137e-15
1.990000e+00 3.285137e-15
2.000000e+00 3.066127e-15
2.010000e+00 3.285137e-15
2.020000e+00 3.723155e-15
2.030000e+00 3.723155e-15
2.040000e+00 3.942164e-15
2.050000e+00 3.504146e-15
2.060000e+00 3.723155e-15
2.070000e+00 3.723155e-15
2.080000e+00 3.504146e-15
2.090000e+00 3.285137e-15
2.100000e+00 3.504146e-15
2.110000e+00 3.504146e-15
2.120000e+00 3.285137e-15
2.130000e+00 3.723155e-15
2.140000e+00 3.723155e-15
2.150000e+00 3.285137e-15
2.160000e+00 3.285137e-15
2.170000e+00 3.285137e-15
2.180000e+00 3.066127e-15
2.190000e+00 3.066127e-15
2.200000e+00 3.285137e-15
2.210000e+00 3.285137e-15
2.220000e+00 2.847118e-15
2.230000e+00 2.847118e-15
2.240000e+00 3.285137e-15
2.250000e+00 3.066127e-15
2.260000e+00 3.066127e-15
2.270000e+00 3.066127e-15
2.280000e+00 3.066127e-15
2.290000e+00 3.066127e-15
2.300000e+00 3.285137e-15
2.310000e+00 3.066127e-15
2.320000e+00 3.066127e-15
2.330000e+00 2.847118e-15
2.340000e+00 2.847118e-15
2.350000e+00 2.847118e-15
2.360000e+00 2.628109e-15
2.370000e+00 2.847118e-15
2.380000e+00 2.628109e-15
2.390000e+00 2.628109e-15
2.400000e+00 2.628109e-15
2.410000e+00 2.847118e-15
2.420000e+00 3.066127e-15
2.430000e+00 3.066127e-15
2.440000e+00 3.066127e-15
2.450000e+00 3.066127e-15
2.460000e+00 3.066127e-15
2.470000e+00 2.847118e-15
2.480000e+00 2.628109e-15
2.490000e+00 3.285137e-15
2.500000e+00 2.847118e-15
2.510000e+00 3.066127e-15
2.520000e+00 2.628109e-15
2.530000e+00 2.409100e-15
2.540000e+00 2.409100e-15
2.550000e+00 2.628109e-15
2.560000e+00 2.190091e-15
2.570000e+00 1.971082e-15
2.580000e+00 2.409100e-15
2.590000e+00 2.847118e-15
2.600000e+00 3.066127e-15
2.610000e+00 3.066127e-15
2.620000e+00 2.847118e-15
2.630000e+00 3.285137e-15
2.640000e+00 3.066127e-15
2.650000e+00 3.285137e-15
2.660000e+00 3.504146e-15
2.670000e+00 3.285137e-15
2.680000e+00 3.504146e-15
2.690000e+00 3.066127e-15
2.700000e+00 2.847118e-15
2.710000e+00 3.504146e-15
2.720000e+00 3.285137e-15
2.730000e+00 3.285137e-15
2.740000e+00 3.066127e-15
2.750000e+00 3.285137e-15
2.760000e+00 3.504146e-15
2.770000e+00 3.285137e-15
2.780000e+00 3.285137e-15
2.790000e+00 3.942164e-15
2.800000e+00 3.723155e-15
2.810000e+00 3.723155e-15
2.820000e+00 3.942164e-15
2.830000e+00 4.161173e-15
2.840000e+00 3.504146e-15
2.850000e+00 3.723155e-15
2.860000e+00 3.504146e-15
2.870000e+00 3.723155e-15
2.880000e+00 3.942164e-15
2.890000e+00 4.161173e-15
2.900000e+00 3.723155e-15
2.910000e+00 3.723155e-15
2.920000e+00 4.161173e-15
2.930000e+00 3.942164e-15
2.940000e+00 3.723155e-15
2.950000e+00 3.723155e-15
2.960000e+00 3.285137e-15
2.970000e+00 3.285137e-15
2.980000e+00 3.285137e-15
2.990000e+00 3.504146e-15
3.000000e+00 3.285137e-15
3.010000e+00 3.723155e-15
3.020000e+00 3.942164e-15
3.030000e+00 3.942164e-15
3.040000e+00 3.942164e-15
3.050000e+00 4.599191e-15
3.060000e+00 4.599191e-15
3.070000e+00 4.599191e-15
3.080000e+00 4.380182e-15
3.090000e+00 4.161173e-15
3.100000e+00 3.942164e-15
3.110000e+00 3.723155e-15
3.120000e+00 3.504146e-15
3.130000e+00 3.504146e-15
3.140000e+00 3.723155e-15
3