1.000000e-01 1.296648e-14
2.000000e-01 1.343799e-14
3.000000e-01 1.343799e-14
4.000000e-01 1.343799e-14
5.000000e-01 1.343799e-14
6.000000e-01 1.343799e-14
7.000000e-01 1.343799e-14
8.000000e-01 1.343799e-14
9.000000e-01 1.343799e-14
1.000000e+00 1.343799e-14
1.100000e+00 1.343799e-14
1.200000e+00 1.343799e-14
1.300000e+00 1.343799e-14
1.400000e+00 1.343799e-14
1.500000e+00 1.343799e-14
1.600000e+00 1.343799e-14
1.700000e+00 1.343799e-14
1.800000e+00 1.343799e-14
1.900000e+00 1.343799e-14
2.000000e+00 1.343799e-14
2.100000e+00 1.343799e-14
2.200000e+00 1.343799e-14
2.300000e+00 1.343799e-14
2.400000e+00 1.343799e-14
2.500000e+00 1.343799e-14
2.600000e+00 1.343799e-14
2.700000e+00 1.343799e-14
2.800000e+00 1.343799e-14
2.900000e+00 1.343799e-14
3.000000e+00 1.343799e-14
3.100000e+00 1.343799e-14
3.200000e+00 1.343799e-14
3.300000e+00 1.343799e-14
3.400000e+00 1.343799e-14
3.500000e+00 1.343799e-14
3.600000e+00 1.343799e-14
3.700000e+00 1.343799e-14
3.800000e+00 1.343799e-14
3.900000e+00 1.343799e-14
4.000000e+00 1.343799e-14
4.100000e+00 1.343799e-14
4.200000e+00 1.343799e-14
4.300000e+00 1.343799e-14
4.400000e+00 1.343799e-14
4.500000e+00 1.343799e-14
4.600000e+00 1.343799e-14
4.700000e+00 1.343799e-14
4.800000e+00 1.343799e-14
4.900000e+00 1.343799e-14
5.000000e+00 1.343799e-14
5.100000e+00 1.343799e-14
5.200000e+00 1.343799e-14
5.300000e+00 1.343799e-14
5.400000e+00 1.343799e-14
5.500000e+00 1.343799e-14
5.600000e+00 1.343799e-14
5.700000e+00 1.343799e-14
5.800000e+00 1.343799e-14
5.900000e+00 1.343799e-14
6.000000e+00 1.343799e-14
6.100000e+00 1.343799e-14
6.200000e+00 1.343799e-14
6.300000e+00 1.343799e-14
6.400000e+00 1.343799e-14
6.500000e+00 1.343799e-14
6.600000e+00 1.343799e-14
6.700000e+00 1.343799e-14
6.800000e+00 1.343799e-14
6.900000e+00 1.343799e-14
7.000000e+00 1.343799e-14
7.100000e+00 1.343799e-14
7.200000e+00 1.343799e-14
7.300000e+00 1.343799e-14
7.400000e+00 1.343799e-14
7.500000e+00 1.343799e-14
7.600000e+00 1.343799e-14
7.700000e+00 1.343799e-14
7.800000e+00 1.343799e-14
7.900000e+00 1.343799e-14
8.000000e+00 1.343799e-14
8.100000e+00 1.343799e-14
8.200000e+00 1.343799e-14
8.300000e+00 1.343799e-14
8.400000e+00 1.343799e-14
8.500000e+00 1.343799e-14
8.600000e+00 1.343799e-14
8.700000e+00 1.343799e-14
8.800000e+00 1.343799e-14
8.900000e+00 1.343799e-14
9.000000e+00 1.343799e-14
9.100000e+00 1.343799e-14
9.200000e+00 1.343799e-14
9.300000e+00 1.343799e-14
9.400000e+00 1.343799e-14
9.500000e+00 1.343799e-14
9.600000e+00 1.343799e-14
9.700000e+00 1.343799e-14
9.800000e+00 1.343799e-14
9.900000e+00 1.343799e-14
1.000000e+01 1.343799e-14
1.010000e+01 1.343799e-14
1.020000e+01 1.343799e-14
1.030000e+01 1.343799e-14
1.040000e+01 1.343799e-14
1.050000e+01 1.343799e-14
1.060000e+01 1.343799e-14
1.070000e+01 1.343799e-14
1.080000e+01 1.343799e-14
1.090000e+01 1.343799e-14
1.100000e+01 1.343799e-14
1.110000e+01 1.343799e-14
1.120000e+01 1.343799e-14
1.130000e+01 1.343799e-14
1.140000e+01 1.343799e-14
1.150000e+01 1.343799e-14
1.160000e+01 1.343799e-14
1.170000e+01 1.343799e-14
1.180000e+01 1.343799e-14
1.190000e+01 1.343799e-14
1.200000e+01 1.343799e-14
1.210000e+01 1.343799e-14
1.220000e+01 1.343799e-14
1.230000e+01 1.343799e-14
1.240000e+01 1.343799e-14
1.250000e+01 1.343799e-14
1.260000e+01 1.343799e-14
1.270000e+01 1.343799e-14
1.280000e+01 1.343799e-14
1.290000e+01 1.343799e-14
1.300000e+01 1.343799e-14
1.310000e+01 1.343799e-14
1.320000e+01 1.343799e-14
1.330000e+01 1.343799e-14
1.340000e+01 1.343799e-14
1.350000e+01 1.343799e-14
1.360000e+01 1.343799e-14
1.370000e+01 1.343799e-14
1.380000e+01 1.343799e-14
1.390000e+01 1.343799e-14
1.400000e+01 1.343799e-14
1.410000e+01 1.343799e-14
1.420000e+01 1.343799e-14
1.430000e+01 1.343799e-14
1.440000e+01 1.343799e-14
1.450000e+01 1.343799e-14
1.460000e+01 1.343799e-14
1.470000e+01 1.343799e-14
1.480000e+01 1.343799e-14
1.490000e+01 1.343799e-14
1.500000e+01 1.343799e-14
1.510000e+01 1.343799e-14
1.520000e+01 1.343799e-14
1.530000e+01 1.343799e-14
1.540000e+01 1.343799e-14
1.550000e+01 1.343799e-14
1.560000e+01 1.343799e-14
1.570000e+01 1.343799e-14
1.580000e+01 1.343799e-14
1.590000e+01 1.343799e-14
1.600000e+01 1.343799e-14
1.610000e+01 1.343799e-14
1.620000e+01 1.343799e-14
1.630000e+01 1.343799e-14
1.640000e+01 1.343799e-14
1.650000e+01 1.343799e-14
1.660000e+01 1.343799e-14
1.670000e+01 1.343799e-14
1.680000e+01 1.343799e-14
1.690000e+01 1.343799e-14
1.700000e+01 1.343799e-14
1.710000e+01 1.343799e-14
1.720000e+01 1.343799e-14
1.730000e+01 1.343799e-14
1.740000e+01 1.343799e-14
1.750000e+01 1.343799e-14
1.760000e+01 1.343799e-14
1.770000e+01 1.343799e-14
1.780000e+01 1.343799e-14
1.790000e+01 1.343799e-14
1.800000e+01 1.343799e-14
1.810000e+01 1.343799e-14
1.820000e+01 1.343799e-14
1.830000e+01 1.343799e-14
1.840000e+01 1.343799e-14
1.850000e+01 1.343799e-14
1.860000e+01 1.343799e-14
1.870000e+01 1.343799e-14
1.880000e+01 1.343799e-14
1.890000e+01 1.343799e-14
1.900000e+01 1.343799e-14
1.910000e+01 1.343799e-14
1.920000e+01 1.343799e-14
1.930000e+01 1.343799e-14
1.940000e+01 1.343799e-14
1.950000e+01 1.343799e-14
1.960000e+01 1.343799e-14
1.970000e+01 1.343799e-14
1.980000e+01 1.343799e-14
1.990000e+01 1.343799e-14
2.000000e+01 1.343799e-14
2.010000e+01 1.343799e-14
2.020000e+01 1.343799e-14
2.030000e+01 1.343799e-14
2.040000e+01 1.343799e-14
2.050000e+01 1.343799e-14
2.060000e+01 1.343799e-14
2.070000e+01 1.343799e-14
2.080000e+01 1.343799e-14
2.090000e+01 1.343799e-14
2.100000e+01 1.343799e-14
2.110000e+01 1.343799e-14
2.120000e+01 1.343799e-14
2.130000e+01 1.343799e-14
2.140000e+01 1.343799e-14
2.150000e+01 1.343799e-14
2.160000e+01 1.343799e-14
2.170000e+01 1.343799e-14
2.180000e+01 1.343799e-14
2.190000e+01 1.343799e-14
2.200000e+01 1.343799e-14
2.210000e+01 1.343799e-14
2.220000e+01 1.343799e-14
2.230000e+01 1.343799e-14
2.240000e+01 1.343799e-14
2.250000e+01 1.343799e-14
2.260000e+01 1.343799e-14
2.270000e+01 1.343799e-14
2.280000e+01 1.343799e-14
2.290000e+01 1.343799e-14
2.300000e+01 1.343799e-14
2.310000e+01 1.343799e-14
2.320000e+01 1.343799e-14
2.330000e+01 1.343799e-14
2.340000e+01 1.343799e-14
2.350000e+01 1.343799e-14
2.360000e+01 1.343799e-14
2.370000e+01 1.343799e-14
2.380000e+01 1.343799e-14
2.390000e+01 1.343799e-14
2.400000e+01 1.343799e-14
2.410000e+01 1.343799e-14
2.420000e+01 1.343799e-14
2.430000e+01 1.343799e-14
2.440000e+01 1.343799e-14
2.450000e+01 1.343799e-14
2.460000e+01 1.343799e-14
2.470000e+01 1.343799e-14
2.480000e+01 1.343799e-14
2.490000e+01 1.343799e-14
2.500000e+01 1.343799e-14
2.510000e+01 1.343799e-14
2.520000e+01 1.343799e-14
2.530000e+01 1.343799e-14
2.540000e+01 1.343799e-14
2.550000e+01 1.343799e-14
2.560000e+01 1.343799e-14
2.570000e+01 1.343799e-14
2.580000e+01 1.343799e-14
2.590000e+01 1.343799e-14
2.600000e+01 1.343799e-14
2.610000e+01 1.343799e-14
2.620000e+01 1.343799e-14
2.630000e+01 1.343799e-14
2.640000e+01 1.343799e-14
2.650000e+01 1.343799e-14
2.660000e+01 1.343799e-14
2.670000e+01 1.343799e-14
2.680000e+01 1.343799e-14
2.690000e+01 1.343799e-14
2.700000e+01 1.343799e-14
2.710000e+01 1.343799e-14
2.720000e+01 1.343799e-14
2.730000e+01 1.343799e-14
2.740000e+01 1.343799e-14
2.750000e+01 1.343799e-14
2.760000e+01 1.343799e-14
2.770000e+01 1.343799e-14
2.780000e+01 1.343799e-14
2.790000e+01 1.343799e-14
2.800000e+01 1.343799e-14
2.810000e+01 1.343799e-14
2.820000e+01 1.343799e-14
2.830000e+01 1.343799e-14
2.840000e+01 1.343799e-14
2.850000e+01 1.343799e-14
2.860000e+01 1.343799e-14
2.870000e+01 1.343799e-14
2.880000e+01 1.343799e-14
2.890000e+01 1.343799e-14
2.900000e+01 1.343799e-14
2.910000e+01 1.343799e-14
2.920000e+01 1.343799e-14
2.930000e+01 1.343799e-14
2.940000e+01 1.343799e-14
2.950000e+01 1.343799e-14
2.960000e+01 1.343799e-14
2.970000e+01 1.343799e-14
2.980000e+01 1.343799e-14
2.990000e+01 1.343799e-14
3.000000e+01 1.343799e-14
3.010000e+01 1.343799e-14
3.020000e+01 1.343799e-14
3.030000e+01 1.343799e-14
3.040000e+01 1.343799e-14
3.050000e+01 1.343799e-14
3.060000e+01 1.343799e-14
3.070000e+01 1.343799e-14
3.080000e+01 1.343799e-14
3.090000e+01 1.343799e-14
3.100000e+01 1.343799e-14
3.110000e+01 1.343799e-14
3.120000e+01 1.343799e-14
3.130000e+01 1.343799e-14
3.140000e+01 1.343799e-14
3.150000e+01 1.343799e-14
3.160000e+01 1.343799e-14
3.170000e+01 1.343799e-14
3.180000e+01 1.343799e-14
3.190000e+01 1.343799e-14
3.200000e+01 1.343799e-14
3.210000e+01 1.343799e-14
3.220000e+01 1.343799e-14
3.230000e+01 1.343799e-14
3.240000e+01 1.343799e-14
3.250000e+01 1.343799e-14
3.260000e+01 1.343799e-14
3.270000e+01 1.343799e-14
3.280000e+01 1.343799e-14
3.290000e+01 1.343799e-14
3.300000e+01 1.343799e-14
3.310000e+01 1.343799e-14
3.320000e+01 1.343799e-14
3.330000e+01 1.343799e-14
3.340000e+01 1.343799e-14
3.350000e+01 1.343799e-14
3.360000e+01 1.343799e-14
3.370000e+01 1.343799e-14
3.380000e+01 1.343799e-14
3.390000e+01 1.343799e-14
3.400000e+01 1.343799e-14
3.410000e+01 1.343799e-14
3.420000e+01 1.343799e-14
3.430000e+01 1.343799e-14
3.440000e+01 1.343799e-14
3.450000e+01 1.343799e-14
3.460000e+01 1.343799e-14
3.470000e+01 1.343799e-14
3.480000e+01 1.343799e-14
3.490000e+01 1.343799e-14
3.500000e+01 1.343799e-14
3.510000e+01 1.343799e-14
3.520000e+01 1.343799e-14
3.530000e+01 1.343799e-14
3.540000e+01 1.343799e-14
3.550000e+01 1.343799e-14
3.560000e+01 1.343799e-14
3.570000e+01 1.343799e-14
3.580000e+01 1.343799e-14
3.590000e+01 1.343799e-14
3.600000e+01 1.343799e-14
3.610000e+01 1.343799e-14
3.620000e+01 1.343799e-14
3.630000e+01 1.343799e-14
3.640000e+01 1.343799e-14
3.650000e+01 1.343799e-14
3.660000e+01 1.343799e-14
3.670000e+01 1.343799e-14
3.680000e+01 1.343799e-14
3.690000e+01 1.343799e-14
3.700000e+01 1.343799e-14
3.710000e+01 1.343799e-14
3.720000e+01 1.343799e-14
3.730000e+01 1.343799e-14
3.740000e+01 1.343799e-14
3.750000e+01 1.343799e-14
3.760000e+01 1.343799e-14
3.770000e+01 1.343799e-14
3.780000e+01 1.343799e-14
3.790000e+01 1.343799e-14
3.800000e+01 1.343799e-14
3.810000e+01 1.343799e-14
3.820000e+01 1.343799e-14
3.830000e+01 1.343799e-14
3.840000e+01 1.343799e-14
3.850000e+01 1.343799e-14
3.860000e+01 1.343799e-14
3.870000e+01 1.343799e-14
3.880000e+01 1.343799e-14
3.890000e+01 1.343799e-14
3.900000e+01 1.343799e-14
3.910000e+01 1.343799e-14
3.920000e+01 1.343799e-14
3.930000e+01 1.343799e-14
3.940000e+01 1.343799e-14
3.950000e+01 1.343799e-14
3.960000e+01 1.343799e-14
3.970000e+01 1.343799e-14
3.980000e+01 1.343799e-14
3.990000e+01 1.343799e-14
4.000000e+01 1.343799e-14
4.010000e+01 1.343799e-14
4.020000e+01 1.343799e-14
4.030000e+01 1.343799e-14
4.040000e+01 1.343799e-14
4.050000e+01 1.343799e-14
4.060000e+01 1.343799e-14
4.070000e+01 1.343799e-14
4.080000e+01 1.343799e-14
4.090000e+01 1.343799e-14
4.100000e+01 1.343799e-14
4.110000e+01 1.343799e-14
4.120000e+01 1.343799e-14
4.130000e+01 1.343799e-14
4.140000e+01 1.343799e-14
4.150000e+01 1.343799e-14
4.160000e+01 1.343799e-14
4.170000e+01 1.343799e-14
4.180000e+01 1.343799e-14
4.190000e+01 1.343799e-14
4.200000e+01 1.343799e-14
4.210000e+01 1.343799e-14
4.220000e+01 1.343799e-14
4.230000e+01 1.343799e-14
4.240000e+01 1.343799e-14
4.250000e+01 1.343799e-14
4.260000e+01 1.343799e-14
4.270000e+01 1.343799e-14
4.280000e+01 1.343799e-14
4.290000e+01 1.343799e-14
4.300000e+01 1.343799e-14
4.310000e+01 1.343799e-14
4.320000e+01 1.343799e-14
4.330000e+01 1.343799e-14
4.340000e+01 1.343799e-14
4.350000e+01 1.343799e-14
4.360000e+01 1.343799e-14
4.370000e+01 1.343799e-14
4.380000e+01 1.343799e-14
4.390000e+01 1.343799e-14
4.400000e+01 1.343799e-14
4.410000e+01 1.343799e-14
4.420000e+01 1.343799e-14
4.430000e+01 1.343799e-14
4.440000e+01 1.343799e-14
4.450000e+01 1.343799e-14
4.460000e+01 1.343799e-14
4.470000e+01 1.343799e-14
4.480000e+01 1.343799e-14
4.490000e+01 1.343799e-14
4.500000e+01 1.343799e-14
4.510000e+01 1.343799e-14
4.520000e+01 1.343799e-14
4.530000e+01 1.343799e-14
4.540000e+01 1.343799e-14
4.550000e+01 1.343799e-14
4.560000e+01 1.343799e-14
4.570000e+01 1.343799e-14
4.580000e+01 1.343799e-14
4.590000e+01 1.343799e-14
4.600000e+01 1.343799e-14
4.610000e+01 1.343799e-14
4.620000e+01 1.343799e-14
4.630000e+01 1.343799e-14
4.640000e+01 1.343799e-14
4.650000e+01 1.343799e-14
4.660000e+01 1.343799e-14
4.670000e+01 1.343799e-14
4.680000e+01 1.343799e-14
4.690000e+01 1.343799e-14
4.700000e+01 1.343799e-14
4.710000e+01 1.343799e-14
4.720000e+01 1.343799e-14
4.730000e+01 1.343799e-14
4.740000e+01 1.343799e-14
4.750000e+01 1.343799e-14
4.760000e+01 1.343799e-14
4.770000e+01 1.343799e-14
4.780000e+01 1.343799e-14
4.790000e+01 1.343799e-14
4.800000e+01 1.343799e-14
4.810000e+01 1.343799e-14
4.820000e+01 1.343799e-14
4.830000e+01 1.343799e-14
4.840000e+01 1.343799e-14
4.850000e+01 1.343799e-14
4.860000e+01 1.343799e-14
4.870000e+01 1.343799e-14
4.880000e+01 1.343799e-14
4.890000e+01 1.343799e-14
4.900000e+01 1.343799e-14
4.910000e+01 1.343799e-14
4.920000e+01 1.343799e-14
4.930000e+01 1.343799e-14
4.940000e+01 1.343799e-14
4.950000e+01 1.343799e-14
4.960000e+01 1.343799e-14
4.970000e+01 1.343799e-14
4.980000e+01 1.343799e-14
4.990000e+01 1.343799e-14
5.000000e+01 1.343799e-14
5.010000e+01 1.343799e-14
5.020000e+01 1.343799e-14
5.030000e+01 1.343799e-14
5.040000e+01 1.343799e-14
5.050000e+01 1.343799e-14
5.060000e+01 1.343799e-14
5.070000e+01 1.343799e-14
5.080000e+01 1.343799e-14
5.090000e+01 1.343799e-14
5.100000e+01 1.343799e-14
5.110000e+01 1.343799e-14
5.120000e+01 1.343799e-14
5.130000e+01 1.343799e-14
5.140000e+01 1.343799e-14
5.150000e+01 1.343799e-14
5.160000e+01 1.343799e-14
5.170000e+01 1.343799e-14
5.180000e+01 1.343799e-14
5.190000e+01 1.343799e-14
5.200000e+01 1.343799e-14
5.210000e+01 1.343799e-14
5.220000e+01 1.343799e-14
5.230000e+01 1.343799e-14
5.240000e+01 1.343799e-14
5.250000e+01 1.343799e-14
5.260000e+01 1.343799e-14
5.270000e+01 1.343799e-14
5.280000e+01 1.343799e-14
5.290000e+01 1.343799e-14
5.300000e+01 1.343799e-14
5.310000e+01 1.343799e-14
5.320000e+01 1.343799e-14
5.330000e+01 1.343799e-14
5.340000e+01 1.343799e-14
5.350000e+01 1.343799e-14
5.360000e+01 1.343799e-14
5.370000e+01 1.343799e-14
5.380000e+01 1.343799e-14
5.390000e+01 1.343799e-14
5.400000e+01 1.343799e-14
5.410000e+01 1.343799e-14
5.420000e+01 1.343799e-14
5.430000e+01 1.343799e-14
5.440000e+01 1.343799e-14
5.450000e+01 1.343799e-14
5.460000e+01 1.343799e-14
5.470000e+01 1.343799e-14
5.480000e+01 1.343799e-14
5.490000e+01 1.343799e-14
5.500000e+01 1.343799e-14
5.510000e+01 1.343799e-14
5.520000e+01 1.343799e-14
5.530000e+01 1.343799e-14
5.540000e+01 1.343799e-14
5.550000e+01 1.343799e-14
5.560000e+01 1.343799e-14
5.570000e+01 1.343799e-14
5.580000e+01 1.343799e-14
5.590000e+01 1.343799e-14
5.600000e+01 1.343799e-14
5.610000e+01 1.343799e-14
5.620000e+01 1.343799e-14
5.630000e+01 1.343799e-14
5.640000e+01 1.343799e-14
5.650000e+01 1.343799e-14
5.660000e+01 1.343799e-14
5.670000e+01 1.343799e-14
5.680000e+01 1.343799e-14
5.690000e+01 1.343799e-14
5.700000e+01 1.343799e-14
5.710000e+01 1.343799e-14
5.720000e+01 1.343799e-14
5.730000e+01 1.343799e-14
5.740000e+01 1.343799e-14
5.750000e+01 1.343799e-14
5.760000e+01 1.343799e-14
5.770000e+01 1.343799e-14
5.780000e+01 1.343799e-14
5.790000e+01 1.343799e-14
5.800000e+01 1.343799e-14
5.810000e+01 1.343799e-14
5.820000e+01 1.343799e-14
5.830000e+01 1.343799e-14
5.840000e+01 1.343799e-14
5.850000e+01 1.343799e-14
5.860000e+01 1.343799e-14
5.870000e+01 1.343799e-14
5.880000e+01 1.343799e-14
5.890000e+01 1.343799e-14
5.900000e+01 1.343799e-14
5.910000e+01 1.343799e-14
5.920000e+01 1.343799e-14
5.930000e+01 1.343799e-14
5.940000e+01 1.343799e-14
5.950000e+01 1.343799e-14
5.960000e+01 1.343799e-14
5.970000e+01 1.343799e-14
5.980000e+01 1.343799e-14
5.990000e+01 1.343799e-14
6.000000e+01 1.343799e-14
6.010000e+01 1.343799e-14
6.020000e+01 1.343799e-14
6.030000e+01 1.343799e-14
6.040000e+01 1.343799e-14
6.050000e+01 1.343799e-14
6.060000e+01 1.343799e-14
6.070000e+01 1.343799e-14
6.080000e+01 1.343799e-14
6.090000e+01 1.343799e-14
6.100000e+01 1.343799e-14
6.110000e+01 1.343799e-14
6.120000e+01 1.343799e-14
6.130000e+01 1.343799e-14
6.140000e+01 1.343799e-14
6.150000e+01 1.343799e-14
6.160000e+01 1.343799e-14
6.170000e+01 1.343799e-14
6.180000e+01 1.343799e-14
6.190000e+01 1.343799e-14
6.200000e+01 1.343799e-14
6.210000e+01 1.343799e-14
6.220000e+01 1.343799e-14
6.230000e+01 1.343799e-14
6.240000e+01 1.343799e-14
6.250000e+01 1.343799e-14
6.260000e+01 1.343799e-14
6.270000e+01 1.343799e-14
6.280000e+01 1.343799e-14
6.290000e+01 1.343799e-14
6.300000e+01 1.343799e-14
6.310000e+01 1.343799e-14
6.320000e+01 1.343799e-14
6.330000e+01 1.343799e-14
6.340000e+01 1.343799e-14
6.350000e+01 1.343799e-14
6.360000e+01 1.343799e-14
6.370000e+01 1.343799e-14
6.380000e+01 1.343799e-14
6.390000e+01 1.343799e-14
6.400000e+01 1.343799e-14
6.410000e+01 1.343799e-14
6.420000e+01 1.343799e-14
6.430000e+01 1.343799e-14
6.440000e+01 1.343799e-14
6.450000e+01 1.343799e-14
6.460000e+01 1.343799e-14
6.470000e+01 1.343799e-14
6.480000e+01 1.343799e-14
6.490000e+01 1.343799e-14
6.500000e+01 1.343799e-14
6.510000e+01 1.343799e-14
6.520000e+01 1.343799e-14
6.530000e+01 1.343799e-14
6.540000e+01 1.343799e-14
6.550000e+01 1.343799e-14
6.560000e+01 1.343799e-14
6.570000e+01 1.343799e-14
6.580000e+01 1.343799e-14
6.590000e+01 1.343799e-14
6.600000e+01 1.343799e-14
6.610000e+01 1.343799e-14
6.620000e+01 1.343799e-14
6.630000e+01 1.343799e-14
6.640000e+01 1.343799e-14
6.650000e+01 1.343799e-14
6.660000e+01 1.343799e-14
6.670000e+01 1.343799e-14
6.680000e+01 1.343799e-14
6.690000e+01 1.343799e-14
6.700000e+01 1.343799e-14
6.710000e+01 1.343799e-14
6.720000e+01 1.343799e-14
6.730000e+01 1.343799e-14
6.740000e+01 1.343799e-14
6.750000e+01 1.343799e-14
6.760000e+01 1.343799e-14
6.770000e+01 1.343799e-14
6.780000e+01 1.343799e-14
6.790000e+01 1.343799e-14
6.800000e+01 1.343799e-14
6.810000e+01 1.343799e-14
6.820000e+01 1.343799e-14
6.830000e+01 1.343799e-14
6.840000e+01 1.343799e-14
6.850000e+01 1.343799e-14
6.860000e+01 1.343799e-14
6.870000e+01 1.343799e-14
6.880000e+01 1.343799e-14
6.890000e+01 1.343799e-14
6.900000e+01 1.343799e-14
6.910000e+01 1.343799e-14
6.920000e+01 1.343799e-14
6.930000e+01 1.343799e-14
6.940000e+01 1.343799e-14
6.950000e+01 1.343799e-14
6.960000e+01 1.343799e-14
6.970000e+01 1.343799e-14
6.980000e+01 1.343799e-14
6.990000e+01 1.343799e-14
7.000000e+01 1.343799e-14
7.010000e+01 1.343799e-14
7.020000e+01 1.343799e-14
7.030000e+01 1.343799e-14
7.040000e+01 1.343799e-14
7.050000e+01 1.343799e-14
7.060000e+01 1.343799e-14
7.070000e+01 1.343799e-14
7.080000e+01 1.343799e-14
7.090000e+01 1.343799e-14
7.100000e+01 1.343799e-14
7.110000e+01 1.343799e-14
7.120000e+01 1.343799e-14
7.130000e+01 1.343799e-14
7.140000e+01 1.343799e-14
7.150000e+01 1.343799e-14
7.160000e+01 1.343799e-14
7.170000e+01 1.343799e-14
7.180000e+01 1.343799e-14
7.190000e+01 1.343799e-14
7.200000e+01 1.343799e-14
7.210000e+01 1.343799e-14
7.220000e+01 1.343799e-14
7.230000e+01 1.343799e-14
7.240000e+01 1.343799e-14
7.250000e+01 1.343799e-14
7.260000e+01 1.343799e-14
7.270000e+01 1.343799e-14
7.280000e+01 1.343799e-14
7.290000e+01 1.343799e-14
7.300000e+01 1.343799e-14
7.310000e+01 1.343799e-14
7.320000e+01 1.343799e-14
7.330000e+01 1.343799e-14
7.340000e+01 1.343799e-14
7.350000e+01 1.343799e-14
7.360000e+01 1.343799e-14
7.370000e+01 1.343799e-14
7.380000e+01 1.343799e-14
7.390000e+01 1.343799e-14
7.400000e+01 1.343799e-14
7.410000e+01 1.343799e-14
7.420000e+01 1.343799e-14
7.430000e+01 1.343799e-14
7.440000e+01 1.343799e-14
7.450000e+01 1.343799e-14
7.460000e+01 1.343799e-14
7.470000e+01 1.343799e-14
7.480000e+01 1.343799e-14
7.490000e+01 1.343799e-14
7.500000e+01 1.343799e-14
7.510000e+01 1.343799e-14
7.520000e+01 1.343799e-14
7.530000e+01 1.343799e-14
7.540000e+01 1.343799e-14
7.550000e+01 1.343799e-14
7.560000e+01 1.343799e-14
7.570000e+01 1.343799e-14
7.580000e+01 1.343799e-14
7.590000e+01 1.343799e-14
7.600000e+01 1.343799e-14
7.610000e+01 1.343799e-14
7.620000e+01 1.343799e-14
7.630000e+01 1.343799e-14
7.640000e+01 1.343799e-14
7.650000e+01 1.343799e-14
7.660000e+01 1.343799e-14
7.670000e+01 1.343799e-14
7.680000e+01 1.343799e-14
7.690000e+01 1.343799e-14
7.700000e+01 1.343799e-14
7.710000e+01 1.343799e-14
7.720000e+01 1.343799e-14
7.730000e+01 1.343799e-14
7.740000e+01 1.343799e-14
7.750000e+01 1.343799e-14
7.760000e+01 1.343799e-14
7.770000e+01 1.343799e-14
7.780000e+01 1.343799e-14
7.790000e+01 1.343799e-14
7.800000e+01 1.343799e-14
7.810000e+01 1.343799e-14
7.820000e+01 1.343799e-14
7.830000e+01 1.343799e-14
7.840000e+01 1.343799e-14
7.850000e+01 1.343799e-14
7.860000e+01 1.343799e-14
7.870000e+01 1.343799e-14
7.880000e+01 1.343799e-14
7.890000e+01 1.343799e-14
7.900000e+01 1.343799e-14
7.910000e+01 1.343799e-14
7.920000e+01 1.343799e-14
7.930000e+01 1.343799e-14
7.940000e+01 1.343799e-14
7.950000e+01 1.343799e-14
7.960000e+01 1.343799e-14
7.970000e+01 1.343799e-14
7.980000e+01 1.343799e-14
7.990000e+01 1.343799e-14
8.000000e+01 1.343799e-14
8.010000e+01 1.343799e-14
8.020000e+01 1.343799e-14
8.030000e+01 1.343799e-14
8.040000e+01 1.343799e-14
8.050000e+01 1.343799e-14
8.060000e+01 1.343799e-14
8.070000e+01 1.343799e-14
8.080000e+01 1.343799e-14
8.090000e+01 1.343799e-14
8.100000e+01 1.343799e-14
8.110000e+01 1.343799e-14
8.120000e+01 1.343799e-14
8.130000e+01 1.343799e-14
8.140000e+01 1.343799e-14
8.150000e+01 1.343799e-14
8.160000e+01 1.343799e-14
8.170000e+01 1.343799e-14
8.180000e+01 1.343799e-14
8.190000e+01 1.343799e-14
8.200000e+01 1.343799e-14
8.210000e+01 1.343799e-14
8.220000e+01 1.343799e-14
8.230000e+01 1.343799e-14
8.240000e+01 1.343799e-14
8.250000e+01 1.343799e-14
8.260000e+01 1.343799e-14
8.270000e+01 1.343799e-14
8.280000e+01 1.343799e-14
8.290000e+01 1.343799e-14
8.300000e+01 1.343799e-14
8.310000e+01 1.343799e-14
8.320000e+01 1.343799e-14
8.330000e+01 1.343799e-14
8.340000e+01 1.343799e-14
8.350000e+01 1.343799e-14
8.360000e+01 1.343799e-14
8.370000e+01 1.343799e-14
8.380000e+01 1.343799e-14
8.390000e+01 1.343799e-14
8.400000e+01 1.343799e-14
8.410000e+01 1.343799e-14
8.420000e+01 1.343799e-14
8.430000e+01 1.343799e-14
8.440000e+01 1.343799e-14
8.450000e+01 1.343799e-14
8.460000e+01 1.343799e-14
8.470000e+01 1.343799e-14
8.480000e+01 1.343799e-14
8.490000e+01 1.343799e-14
8.500000e+01 1.343799e-14
8.510000e+01 1.343799e-14
8.520000e+01 1.343799e-14
8.530000e+01 1.343799e-14
8.540000e+01 1.343799e-14
8.550000e+01 1.343799e-14
8.560000e+01 1.343799e-14
8.570000e+01 1.343799e-14
8.580000e+01 1.343799e-14
8.590000e+01 1.343799e-14
8.600000e+01 1.343799e-14
8.610000e+01 1.343799e-14
8.620000e+01 1.343799e-14
8.630000e+01 1.343799e-14
8.640000e+01 1.343799e-14
8.650000e+01 1.343799e-14
8.660000e+01 1.343799e-14
8.670000e+01 1.343799e-14
8.680000e+01 1.343799e-14
8.690000e+01 1.343799e-14
8.700000e+01 1.343799e-14
8.710000e+01 1.343799e-14
8.720000e+01 1.343799e-14
8.730000e+01 1.343799e-14
8.740000e+01 1.343799e-14
8.750000e+01 1.343799e-14
8.760000e+01 1.343799e-14
8.770000e+01 1.343799e-14
8.780000e+01 1.343799e-14
8.790000e+01 1.343799e-14
8.800000e+01 1.343799e-14
8.810000e+01 1.343799e-14
8.820000e+01 1.343799e-14
8.830000e+01 1.343799e-14
8.840000e+01 1.343799e-14
8.850000e+01 1.343799e-14
8.860000e+01 1.343799e-14
8.870000e+01 1.343799e-14
8.880000e+01 1.343799e-14
8.890000e+01 1.343799e-14
8.900000e+01 1.343799e-14
8.910000e+01 1.343799e-14
8.920000e+01 1.343799e-14
8.930000e+01 1.343799e-14
8.940000e+01 1.343799e-14
8.950000e+01 1.343799e-14
8.960000e+01 1.343799e-14
8.970000e+01 1.343799e-14
8.980000e+01 1.343799e-14
8.990000e+01 1.343799e-14
9.000000e+01 1.343799e-14
9.010000e+01 1.343799e-14
9.020000e+01 1.343799e-14
9.030000e+01 1.343799e-14
9.040000e+01 1.343799e-14
9.050000e+01 1.343799e-14
9.060000e+01 1.343799e-14
9.070000e+01 1.343799e-14
9.080000e+01 1.343799e-14
9.090000e+01 1.343799e-14
9.100000e+01 1.343799e-14
9.110000e+01 1.343799e-14
9.120000e+01 1.343799e-14
9.130000e+01 1.343799e-14
9.140000e+01 1.343799e-14
9.150000e+01 1.343799e-14
9.160000e+01 1.343799e-14
9.170000e+01 1.343799e-14
9.180000e+01 1.343799e-14
9.190000e+01 1.343799e-14
9.200000e+01 1.343799e-14
9.210000e+01 1.343799e-14
9.220000e+01 1.343799e-14
9.230000e+01 1.343799e-14
9.240000e+01 1.343799e-14
9.250000e+01 1.343799e-14
9.260000e+01 1.343799e-14
9.270000e+01 1.343799e-14
9.280000e+01 1.343799e-14
9.290000e+01 1.343799e-14
9.300000e+01 1.343799e-14
9.310000e+01 1.343799e-14
9.320000e+01 1.343799e-14
9.330000e+01 1.343799e-14
9.340000e+01 1.343799e-14
9.350000e+01 1.343799e-14
9.360000e+01 1.343799e-14
9.370000e+01 1.343799e-14
9.380000e+01 1.343799e-14
9.390000e+01 1.343799e-14
9.400000e+01 1.343799e-14
9.410000e+01 1.343799e-14
9.420000e+01 1.343799e-14
9.430000e+01 1.343799e-14
9.440000e+01 1.343799e-14
9.450000e+01 1.343799e-14
9.460000e+01 1.343799e-14
9.470000e+01 1.343799e-14
9.480000e+01 1.343799e-14
9.490000e+01 1.343799e-14
9.500000e+01 1.343799e-14
9.510000e+01 1.343799e-14
9.520000e+01 1.343799e-14
9.530000e+01 1.343799e-14
9.540000e+01 1.343799e-14
9.550000e+01 1.343799e-14
9.560000e+01 1.343799e-14
9.570000e+01 1.343799e-14
9.580000e+01 1.343799e-14
9.590000e+01 1.343799e-14
9.600000e+01 1.343799e-14
9.610000e+01 1.343799e-14
9.620000e+01 1.343799e-14
9.630000e+01 1.343799e-14
9.640000e+01 1.343799e-14
9.650000e+01 1.343799e-14
9.660000e+01 1.343799e-14
9.670000e+01 1.343799e-14
9.680000e+01 1.343799e-14
9.690000e+01 1.343799e-14
9.700000e+01 1.343799e-14
9.710000e+01 1.343799e-14
9.720000e+01 1.343799e-14
9.730000e+01 1.343799e-14
9.740000e+01 1.343799e-14
9.750000e+01 1.343799e-14
9.760000e+01 1.343799e-14
9.770000e+01 1.343799e-14
9.780000e+01 1.343799e-14
9.790000e+01 1.343799e-14
9.800000e+01 1.343799e-14
9.810000e+01 1.343799e-14
9.820000e+01 1.343799e-14
9.830000e+01 1.343799e-14
9.840000e+01 1.343799e-14
9.850000e+01 1.343799e-14
9.860000e+01 1.343799e-14
9.870000e+01 1.343799e-14
9.880000e+01 1.343799e-14
9.890000e+01 1.343799e-14
9.900000e+01 1.343799e-14
9.910000e+01 1.343799e-14
9.920000e+01 1.343799e-14
9.930000e+01 1.343799e-14
9.940000e+01 1.343799e-14
9.950000e+01 1.343799e-14
9.960000e+01 1.343799e-14
9.970000e+01 1.343799e-14
9.980000e+01 1.343799e-14
9.990000e+01 1.343799e-14
1.000000e+02 1.343799e-14
1.001000e+02 1.343799e-14
1.002000e+02 1.343799e-14
1.003000e+02 1.343799e-14
1.004000e+02 1.343799e-14
1.005000e+02 1.343799e-14
1.006000e+02 1.343799e-14
1.007000e+02 1.343799e-14
1.008000e+02 1.343799e-14
1.009000e+02 1.343799e-14
1.010000e+02 1.343799e-14
1.011000e+02 1.343799e-14
1.012000e+02 1.343799e-14
1.013000e+02 1.343799e-14
1.014000e+02 1.343799e-14
1.015000e+02 1.343799e-14
1.016000e+02 1.343799e-14
1.017000e+02 1.343799e-14
1.018000e+02 1.343799e-14
1.019000e+02 1.343799e-14
1.020000e+02 1.343799e-14
1.021000e+02 1.343799e-14
1.022000e+02 1.343799e-14
1.023000e+02 1.343799e-14
1.024000e+02 1.343799e-14
1.025000e+02 1.343799e-14
1.026000e+02 1.343799e-14
1.027000e+02 1.343799e-14
1.028000e+02 1.343799e-14
1.029000e+02 1.343799e-14
1.030000e+02 1.343799e-14
1.031000e+02 1.343799e-14
1.032000e+02 1.343799e-14
1.033000e+02 1.343799e-14
1.034000e+02 1.343799e-14
1.035000e+02 1.343799e-14
1.036000e+02 1.343799e-14
1.037000e+02 1.343799e-14
1.038000e+02 1.343799e-14
1.039000e+02 1.343799e-14
1.040000e+02 1.343799e-14
1.041000e+02 1.343799e-14
1.042000e+02 1.343799e-14
1.043000e+02 1.343799e-14
1.044000e+02 1.343799e-14
1.045000e+02 1.343799e-14
1.046000e+02 1.343799e-14
1.047000e+02 1.343799e-14
1.048000e+02 1.343799e-14
1.049000e+02 1.343799e-14
1.050000e+02 1.343799e-14
1.051000e+02 1.343799e-14
1.052000e+02 1.343799e-14
1.053000e+02 1.343799e-14
1.054000e+02 1.343799e-14
1.055000e+02 1.343799e-14
1.056000e+02 1.343799e-14
1.057000e+02 1.343799e-14
1.058000e+02 1.343799e-14
1.059000e+02 1.343799e-14
1.060000e+02 1.343799e-14
1.061000e+02 1.343799e-14
1.062000e+02 1.343799e-14
1.063000e+02 1.343799e-14
1.064000e+02 1.343799e-14
1.065000e+02 1.343799e-14
1.066000e+02 1.343799e-14
1.067000e+02 1.343799e-14
1.068000e+02 1.343799e-14
1.069000e+02 1.343799e-14
1.070000e+02 1.343799e-14
1.071000e+02 1.343799e-14
1.072000e+02 1.343799e-14
1.073000e+02 1.343799e-14
1.074000e+02 1.343799e-14
1.075000e+02 1.343799e-14
1.076000e+02 1.343799e-14
1.077000e+02 1.343799e-14
1.078000e+02 1.343799e-14
1.079000e+02 1.343799e-14
1.080000e+02 1.343799e-14
1.081000e+02 1.343799e-14
1.082000e+02 1.343799e-14
1.083000e+02 1.343799e-14
1.084000e+02 1.343799e-14
1.085000e+02 1.343799e-14
1.086000e+02 1.343799e-14
1.087000e+02 1.343799e-14
1.088000e+02 1.343799e-14
1.089000e+02 1.343799e-14
1.090000e+02 1.343799e-14
1.091000e+02 1.343799e-14
1.092000e+02 1.343799e-14
1.093000e+02 1.343799e-14
1.094000e+02 1.343799e-14
1.095000e+02 1.343799e-14
1.096000e+02 1.343799e-14
1.097000e+02 1.343799e-14
1.098000e+02 1.343799e-14
1.099000e+02 1.343799e-14
1.100000e+02 1.343799e-14
1.101000e+02 1.343799e-14
1.102000e+02 1.343799e-14
1.103000e+02 1.343799e-14
1.104000e+02 1.343799e-14
1.105000e+02 1.343799e-14
1.106000e+02 1.343799e-14
1.107000e+02 1.343799e-14
1.108000e+02 1.343799e-14
1.109000e+02 1.343799e-14
1.110000e+02 1.343799e-14
1.111000e+02 1.343799e-14
1.112000e+02 1.343799e-14
1.113000e+02 1.343799e-14
1.114000e+02 1.343799e-14
1.115000e+02 1.343799e-14
1.116000e+02 1.343799e-14
1.117000e+02 1.343799e-14
1.118000e+02 1.343799e-14
1.119000e+02 1.343799e-14
1.120000e+02 1.343799e-14
1.121000e+02 1.343799e-14
1.122000e+02 1.343799e-14
1.123000e+02 1.343799e-14
1.124000e+02 1.343799e-14
1.125000e+02 1.343799e-14
1.126000e+02 1.343799e-14
1.127000e+02 1.343799e-14
1.128000e+02 1.343799e-14
1.129000e+02 1.343799e-14
1.130000e+02 1.343799e-14
1.131000e+02 1.343799e-14
1.132000e+02 1.343799e-14
1.133000e+02 1.343799e-14
1.134000e+02 1.343799e-14
1.135000e+02 1.343799e-14
1.136000e+02 1.343799e-14
1.137000e+02 1.343799e-14
1.138000e+02 1.343799e-14
1.139000e+02 1.343799e-14
1.140000e+02 1.343799e-14
1.141000e+02 1.343799e-14
1.142000e+02 1.343799e-14
1.143000e+02 1.343799e-14
1.144000e+02 1.343799e-14
1.145000e+02 1.343799e-14
1.146000e+02 1.343799e-14
1.147000e+02 1.343799e-14
1.148000e+02 1.343799e-14
1.149000e+02 1.343799e-14
1.150000e+02 1.343799e-14
1.151000e+02 1.343799e-14
1.152000e+02 1.343799e-14
1.153000e+02 1.343799e-14
1.154000e+02 1.343799e-14
1.155000e+02 1.343799e-14
1.156000e+02 1.343799e-14
1.157000e+02 1.343799e-14
1.158000e+02 1.343799e-14
1.159000e+02 1.343799e-14
1.160000e+02 1.343799e-14
1.161000e+02 1.343799e-14
1.162000e+02 1.343799e-14
1.163000e+02 1.343799e-14
1.164000e+02 1.343799e-14
1.165000e+02 1.343799e-14
1.166000e+02 1.343799e-14
1.167000e+02 1.343799e-14
1.168000e+02 1.343799e-14
1.169000e+02 1.343799e-14
1.170000e+02 1.343799e-14
1.171000e+02 1.343799e-14
1.172000e+02 1.343799e-14
1.173000e+02 1.343799e-14
1.174000e+02 1.343799e-14
1.175000e+02 1.343799e-14
1.176000e+02 1.343799e-14
1.177000e+02 1.343799e-14
1.178000e+02 1.343799e-14
1.179000e+02 1.343799e-14
1.180000e+02 1.343799e-14
1.181000e+02 1.343799e-14
1.182000e+02 1.343799e-14
1.183000e+02 1.343799e-14
1.184000e+02 1.343799e-14
1.185000e+02 1.343799e-14
1.186000e+02 1.343799e-14
1.187000e+02 1.343799e-14
1.188000e+02 1.343799e-14
1.189000e+02 1.343799e-14
1.190000e+02 1.343799e-14
1.191000e+02 1.343799e-14
1.192000e+02 1.343799e-14
1.193000e+02 1.343799e-14
1.194000e+02 1.343799e-14
1.195000e+02 1.343799e-14
1.196000e+02 1.343799e-14
1.197000e+02 1.343799e-14
1.198000e+02 1.343799e-14
1.199000e+02 1.343799e-14
1.200000e+02 1.343799e-14
1.201000e+02 1.343799e-14
1.202000e+02 1.343799e-14
1.203000e+02 1.343799e-14
1.204000e+02 1.343799e-14
1.205000e+02 1.343799e-14
1.206000e+02 1.343799e-14
1.207000e+02 1.343799e-14
1.208000e+02 1.343799e-14
1.209000e+02 1.343799e-14
1.210000e+02 1.343799e-14
1.211000e+02 1.343799e-14
1.212000e+02 1.343799e-14
1.213000e+02 1.343799e-14
1.214000e+02 1.343799e-14
1.215000e+02 1.343799e-14
1.216000e+02 1.343799e-14
1.217000e+02 1.343799e-14
1.218000e+02 1.343799e-14
1.219000e+02 1.343799e-14
1.220000e+02 1.343799e-14
1.221000e+02 1.343799e-14
1.222000e+02 1.343799e-14
1.223000e+02 1.343799e-14
1.224000e+02 1.343799e-14
1.225000e+02 1.343799e-14
1.226000e+02 1.343799e-14
1.227000e+02 1.343799e-14
1.228000e+02 1.343799e-14
1.229000e+02 1.343799e-14
1.230000e+02 1.343799e-14
1.231000e+02 1.343799e-14
1.232000e+02 1.343799e-14
1.233000e+02 1.343799e-14
1.234000e+02 1.343799e-14
1.235000e+02 1.343799e-14
1.236000e+02 1.343799e-14
1.237000e+02 1.343799e-14
1.238000e+02 1.343799e-14
1.239000e+02 1.343799e-14
1.240000e+02 1.343799e-14
1.241000e+02 1.343799e-14
1.242000e+02 1.343799e-14
1.243000e+02 1.343799e-14
1.244000e+02 1.343799e-14
1.245000e+02 1.343799e-14
1.246000e+02 1.343799e-14
1.247000e+02 1.343799e-14
1.248000e+02 1.343799e-14
1.249000e+02 1.343799e-14
1.250000e+02 1.343799e-14
1.251000e+02 1.343799e-14
1.252000e+02 1.343799e-14
1.253000e+02 1.343799e-14
1.254000e+02 1.343799e-14
1.255000e+02 1.343799e-14
1.256000e+02 1.343799e-14
1.257000e+02 1.343799e-14
1.258000e+02 1.343799e-14
1.259000e+02 1.343799e-14
1.260000e+02 1.343799e-14
1.261000e+02 1.343799e-14
1.262000e+02 1.343799e-14
1.263000e+02 1.343799e-14
1.264000e+02 1.343799e-14
1.265000e+02 1.343799e-14
1.266000e+02 1.343799e-14
1.267000e+02 1.343799e-14
1.268000e+02 1.343799e-14
1.269000e+02 1.343799e-14
1.270000e+02 1.343799e-14
1.271000e+02 1.343799e-14
1.272000e+02 1.343799e-14
1.273000e+02 1.343799e-14
1.274000e+02 1.343799e-14
1.275000e+02 1.343799e-14
1.276000e+02 1.343799e-14
1.277000e+02 1.343799e-14
1.278000e+02 1.343799e-14
1.279000e+02 1.343799e-14
1.280000e+02 1.343799e-14
1.281000e+02 1.343799e-14
1.282000e+02 1.343799e-14
1.283000e+02 1.343799e-14
1.284000e+02 1.343799e-14
1.285000e+02 1.343799e-14
1.286000e+02 1.343799e-14
1.287000e+02 1.343799e-14
1.288000e+02 1.343799e-14
1.289000e+02 1.343799e-14
1.290000e+02 1.343799e-14
1.291000e+02 1.343799e-14
1.292000e+02 1.343799e-14
1.293000e+02 1.343799e-14
1.294000e+02 1.343799e-14
1.295000e+02 1.343799e-14
1.296000e+02 1.343799e-14
1.297000e+02 1.343799e-14
1.298000e+02 1.343799e-14
1.299000e+02 1.343799e-14
1.300000e+02 1.343799e-14
1.301000e+02 1.343799e-14
1.302000e+02 1.343799e-14
1.303000e+02 1.343799e-14
1.304000e+02 1.343799e-14
1.305000e+02 1.343799e-14
1.306000e+02 1.343799e-14
1.307000e+02 1.343799e-14
1.308000e+02 1.343799e-14
1.309000e+02 1.343799e-14
1.310000e+02 1.343799e-14
1.311000e+02 1.343799e-14
1.312000e+02 1.343799e-14
1.313000e+02 1.343799e-14
1.314000e+02 1.343799e-14
1.315000e+02 1.343799e-14
1.316000e+02 1.343799e-14
1.317000e+02 1.343799e-14
1.318000e+02 1.343799e-14
1.319000e+02 1.343799e-14
1.320000e+02 1.343799e-14
1.321000e+02 1.343799e-14
1.322000e+02 1.343799e-14
1.323000e+02 1.343799e-14
1.324000e+02 1.343799e-14
1.325000e+02 1.343799e-14
1.326000e+02 1.343799e-14
1.327000e+02 1.343799e-14
1.328000e+02 1.343799e-14
1.329000e+02 1.343799e-14
1.330000e+02 1.343799e-14
1.331000e+02 1.343799e-14
1.332000e+02 1.343799e-14
1.333000e+02 1.343799e-14
1.334000e+02 1.343799e-14
1.335000e+02 1.343799e-14
1.336000e+02 1.343799e-14
1.337000e+02 1.343799e-14
1.338000e+02 1.343799e-14
1.339000e+02 1.343799e-14
1.340000e+02 1.343799e-14
1.341000e+02 1.343799e-14
1.342000e+02 1.343799e-14
1.343000e+02 1.343799e-14
1.344000e+02 1.343799e-14
1.345000e+02 1.343799e-14
1.346000e+02 1.343799e-14
1.347000e+02 1.343799e-14
1.348000e+02 1.343799e-14
1.349000e+02 1.343799e-14
1.350000e+02 1.343799e-14
1.351000e+02 1.343799e-14
1.352000e+02 1.343799e-14
1.353000e+02 1.343799e-14
1.354000e+02 1.343799e-14
1.355000e+02 1.343799e-14
1.356000e+02 1.343799e-14
1.357000e+02 1.343799e-14
1.358000e+02 1.343799e-14
1.359000e+02 1.343799e-14
1.360000e+02 1.343799e-14
1.361000e+02 1.343799e-14
1.362000e+02 1.343799e-14
1.363000e+02 1.343799e-14
1.364000e+02 1.343799e-14
1.365000e+02 1.343799e-14
1.366000e+02 1.343799e-14
1.367000e+02 1.343799e-14
1.368000e+02 1.343799e-14
1.369000e+02 1.343799e-14
1.370000e+02 1.343799e-14
1.371000e+02 1.343799e-14
1.372000e+02 1.343799e-14
1.373000e+02 1.343799e-14
1.374000e+02 1.343799e-14
1.375000e+02 1.343799e-14
1.376000e+02 1.343799e-14
1.377000e+02 1.343799e-14
1.378000e+02 1.343799e-14
1.379000e+02 1.343799e-14
1.380000e+02 1.343799e-14
1.381000e+02 1.343799e-14
1.382000e+02 1.343799e-14
1.383000e+02 1.343799e-14
1.384000e+02 1.343799e-14
1.385000e+02 1.343799e-14
1.386000e+02 1.343799e-14
1.387000e+02 1.343799e-14
1.388000e+02 1.343799e-14
1.389000e+02 1.343799e-14
1.390000e+02 1.343799e-14
1.391000e+02 1.343799e-14
1.392000e+02 1.343799e-14
1.393000e+02 1.343799e-14
1.394000e+02 1.343799e-14
1.395000e+02 1.343799e-14
1.396000e+02 1.343799e-14
1.397000e+02 1.343799e-14
1.398000e+02 1.343799e-14
1.399000e+02 1.343799e-14
1.400000e+02 1.343799e-14
1.401000e+02 1.343799e-14
1.402000e+02 1.343799e-14
1.403000e+02 1.343799e-14
1.404000e+02 1.343799e-14
1.405000e+02 1.343799e-14
1.406000e+02 1.343799e-14
1.407000e+02 1.343799e-14
1.408000e+02 1.343799e-14
1.409000e+02 1.343799e-14
1.410000e+02 1.343799e-14
1.411000e+02 1.343799e-14
1.412000e+02 1.343799e-14
1.413000e+02 1.343799e-14
1.414000e+02 1.343799e-14
1.415000e+02 1.343799e-14
1.416000e+02 1.343799e-14
1.417000e+02 1.343799e-14
1.418000e+02 1.343799e-14
1.419000e+02 1.343799e-14
1.420000e+02 1.343799e-14
1.421000e+02 1.343799e-14
1.422000e+02 1.343799e-14
1.423000e+02 1.343799e-14
1.424000e+02 1.343799e-14
1.425000e+02 1.343799e-14
1.426000e+02 1.343799e-14
1.427000e+02 1.343799e-14
1.428000e+02 1.343799e-14
1.429000e+02 1.343799e-14
1.430000e+02 1.343799e-14
1.431000e+02 1.343799e-14
1.432000e+02 1.343799e-14
1.433000e+02 1.343799e-14
1.434000e+02 1.343799e-14
1.435000e+02 1.343799e-14
1.436000e+02 1.343799e-14
1.437000e+02 1.343799e-14
1.438000e+02 1.343799e-14
1.439000e+02 1.343799e-14
1.440000e+02 1.343799e-14
1.441000e+02 1.343799e-14
1.442000e+02 1.343799e-14
1.443000e+02 1.343799e-14
1.444000e+02 1.343799e-14
1.445000e+02 1.343799e-14
1.446000e+02 1.343799e-14
1.447000e+02 1.343799e-14
1.448000e+02 1.343799e-14
1.449000e+02 1.343799e-14
1.450000e+02 1.343799e-14
1.451000e+02 1.343799e-14
1.452000e+02 1.343799e-14
1.453000e+02 1.343799e-14
1.454000e+02 1.343799e-14
1.455000e+02 1.343799e-14
1.456000e+02 1.343799e-14
1.457000e+02 1.343799e-14
1.458000e+02 1.343799e-14
1.459000e+02 1.343799e-14
1.460000e+02 1.343799e-14
1.461000e+02 1.343799e-14
1.462000e+02 1.343799e-14
1.463000e+02 1.343799e-14
1.464000e+02 1.343799e-14
1.465000e+02 1.343799e-14
1.466000e+02 1.343799e-14
1.467000e+02 1.343799e-14
1.468000e+02 1.343799e-14
1.469000e+02 1.343799e-14
1.470000e+02 1.343799e-14
1.471000e+02 1.343799e-14
1.472000e+02 1.343799e-14
1.473000e+02 1.343799e-14
1.474000e+02 1.343799e-14
1.475000e+02 1.343799e-14
1.476000e+02 1.343799e-14
1.477000e+02 1.343799e-14
1.478000e+02 1.343799e-14
1.479000e+02 1.343799e-14
1.480000e+02 1.343799e-14
1.481000e+02 1.343799e-14
1.482000e+02 1.343799e-14
1.483000e+02 1.343799e-14
1.484000e+02 1.343799e-14
1.485000e+02 1.343799e-14
1.486000e+02 1.343799e-14
1.487000e+02 1.343799e-14
1.488000e+02 1.343799e-14
1.489000e+02 1.343799e-14
1.490000e+02 1.343799e-14
1.491000e+02 1.343799e-14
1.492000e+02 1.343799e-14
1.493000e+02 1.343799e-14
1.494000e+02 1.343799e-14
1.495000e+02 1.343799e-14
1.496000e+02 1.343799e-14
1.497000e+02 1.343799e-14
1.498000e+02 1.343799e-14
1.499000e+02 1.343799e-14
1.500000e+02 1.343799e-14
1.501000e+02 1.343799e-14
1.502000e+02 1.343799e-14
1.503000e+02 1.343799e-14
1.504000e+02 1.343799e-14
1.505000e+02 1.343799e-14
1.506000e+02 1.343799e-14
1.507000e+02 1.343799e-14
1.508000e+02 1.343799e-14
1.509000e+02 1.343799e-14
1.510000e+02 1.343799e-14
1.511000e+02 1.343799e-14
1.512000e+02 1.343799e-14
1.513000e+02 1.343799e-14
1.514000e+02 1.343799e-14
1.515000e+02 1.343799e-14
1.516000e+02 1.343799e-14
1.517000e+02 1.343799e-14
1.518000e+02 1.343799e-14
1.519000e+02 1.343799e-14
1.520000e+02 1.343799e-14
1.521000e+02 1.343799e-14
1.522000e+02 1.343799e-14
1.523000e+02 1.343799e-14
1.524000e+02 1.343799e-14
1.525000e+02 1.343799e-14
1.526000e+02 1.343799e-14
1.527000e+02 1.343799e-14
1.528000e+02 1.343799e-14
1.529000e+02 1.343799e-14
1.530000e+02 1.343799e-14
1.531000e+02 1.343799e-14
1.532000e+02 1.343799e-14
1.533000e+02 1.343799e-14
1.534000e+02 1.343799e-14
1.535000e+02 1.343799e-14
1.536000e+02 1.343799e-14
1.537000e+02 1.343799e-14
1.538000e+02 1.343799e-14
1.539000e+02 1.343799e-14
1.540000e+02 1.343799e-14
1.541000e+02 1.343799e-14
1.542000e+02 1.343799e-14
1.543000e+02 1.343799e-14
1.544000e+02 1.343799e-14
1.545000e+02 1.343799e-14
1.546000e+02 1.343799e-14
1.547000e+02 1.343799e-14
1.548000e+02 1.343799e-14
1.549000e+02 1.343799e-14
1.550000e+02 1.343799e-14
1.551000e+02 1.343799e-14
1.552000e+02 1.343799e-14
1.553000e+02 1.343799e-14
1.554000e+02 1.343799e-14
1.555000e+02 1.343799e-14
1.556000e+02 1.343799e-14
1.557000e+02 1.343799e-14
1.558000e+02 1.343799e-14
1.559000e+02 1.343799e-14
1.560000e+02 1.343799e-14
1.561000e+02 1.343799e-14
1.562000e+02 1.343799e-14
1.563000e+02 1.343799e-14
1.564000e+02 1.343799e-14
1.565000e+02 1.343799e-14
1.566000e+02 1.343799e-14
1.567000e+02 1.343799e-14
1.568000e+02 1.343799e-14
1.569000e+02 1.343799e-14
1.570000e+02 1.343799e-14
1.571000e+02 1.343799e-14
1.572000e+02 1.343799e-14
1.573000e+02 1.343799e-14
1.574000e+02 1.343799e-14
1.575000e+02 1.343799e-14
1.576000e+